74 60 74 61
74 61 74 62
74 62 74 63
75 61 75 62
75 62 75 63
75 63 75 64
76 64 76 65
76 65 76 66
77 65 77 66
77 66 77 67
78 67 78 68
78 68 78 69
79 69 79 70
79 70 79 71
80 70 80 71
80 71 80 72
81 73 81 74
81 74 82 74
82 74 83 74
82 75 83 75
83 75 84 75
84 75 85 75
85 75 86 75
85 76 85 77
85 77 85 78
85 78 86 78
86 75 87 75
86 78 87 78
86 79 87 79
86 80 87 80
87 74 87 75
87 75 88 75
87 76 87 77
87 77 87 78
87 78 88 78
87 80 88 80
88 74 88 75
88 76 88 77
88 77 88 78
88 79 88 80
88 80 89 80
89 74 89 75
89 75 89 76
89 76 89 77
89 77 89 78
89 78 89 79
89 79 89 80
89 81 89 82
90 76 90 77
90 77 90 78
90 79 90 80
90 80 91 80
90 81 90 82
90 82 90 83
91 77 91 78
91 79 91 80
91 80 92 80
91 81 91 82
91 82 91 83
91 84 92 84
92 75 93 75
92 76 93 76
92 79 92 80
92 80 93 80
92 81 92 82
92 82 92 83
92 84 93 84
92 85 93 85
93 74 93 75
93 76 94 76
93 80 94 80
93 83 94 83
93 84 94 84
93 85 94 85
94 76 95 76
94 77 95 77
94 80 94 81
94 81 94 82
94 82 94 83
94 83 94 84
94 84 95 84
94 85 95 85
94 86 94 87
94 87 94 88
94 88 94 89
95 76 96 76
95 77 96 77
95 82 95 83
95 84 96 84
95 85 96 85
95 86 95 87
95 87 95 88
95 88 95 89
96 78 96 79
96 84 97 84
96 85 97 85
96 86 96 87
96 87 96 88
96 88 96 89
96 89 96 90
97 78 97 79
97 79 97 80
97 83 97 84
97 84 98 84
97 85 98 85
97 86 97 87
97 87 97 88
97 88 97 89
97 89 97 90
97 90 97 91
97 91 98 91
98 80 99 80
98 84 99 84
98 85 99 85
98 86 98 87
98 87 98 88
98 88 98 89
98 89 98 90
98 90 98 91
98 91 99 91
98 92 99 92
99 84 100 84
99 85 100 85
99 89 100 89
99 90 100 90
99 91 100 91
99 92 100 92
100 81 100 82
100 82 100 83
100 83 100 84
100 84 101 84
100 85 101 85
100 90 101 90
100 91 101 91
100 92 101 92
101 82 101 83
101 83 101 84
101 84 102 84
101 85 102 85
101 90 102 90
101 91 102 91
101 92 102 92
102 83 102 84
102 85 103 85
102 86 102 87
102 91 103 91
102 92 103 92
103 86 103 87
103 87 103 88
103 88 103 89
103 91 104 91
103 92 104 92
103 95 104 95
103 96 104 96
104 86 104 87
104 87 104 88
104 88 104 89
104 89 104 90
104 90 104 91
104 91 104 92
104 92 104 93
104 93 104 94
104 94 104 95
104 95 104 96
104 96 104 97
104 97 104 98
105 87 105 88
105 88 105 89
105 89 105 90
105 90 105 91
105 91 105 92
105 92 105 93
105 93 105 94
105 94 105 95
105 95 105 96
105 96 105 97
105 97 105 98
105 98 105 99
105 99 105 100
106 88 106 89
106 89 106 90
106 90 106 91
106 91 106 92
106 92 106 93
106 93 106 94
106 94 106 95
106 95 106 96
106 96 106 97
106 97 106 98
106 98 106 99
106 99 106 100
106 100 106 101
107 92 108 92
107 93 108 93
107 95 107 96
107 96 108 96
107 97 108 97
107 98 108 98
107 99 107 100
107 100 108 100
107 101 108 101
108 95 108 96
108 96 109 96
108 97 109 97
108 98 109 98
108 99 108 100
108 102 108 103
109 96 110 96
109 97 110 97
109 98 110 98
109 99 109 100
109 102 109 103
109 103 109 104
109 107 110 107
110 96 110 97
110 97 110 98
110 98 110 99
110 99 110 100
110 100 110 101
110 101 110 102
110 102 110 103
110 103 110 104
110 104 110 105
110 105 110 106
110 106 110 107
110 107 110 108
110 108 110 109
110 109 110 110
110 110 110 111
110 111 110 112
110 112 110 113
110 113 110 114
110 114 110 115
110 115 110 116
111 96 112 96
111 97 112 97
111 98 112 98
111 100 111 101
111 101 111 102
111 102 111 103
111 103 111 104
111 104 111 105
111 105 111 106
111 106 111 107
111 107 111 108
111 108 111 109
111 109 111 110
111 110 111 111
111 111 111 112
111 112 111 113
111 113 111 114
111 114 111 115
111 115 111 116
111 116 111 117
111 117 111 118
111 118 111 119
111 119 111 120
111 120 111 121
111 121 111 122
112 96 112 97
112 97 112 98
112 98 112 99
112 99 112 100
112 100 112 101
112 101 112 102
112 102 112 103
112 103 112 104
112 104 112 105
112 105 112 106
112 106 112 107
112 107 112 108
112 108 112 109
112 109 112 110
112 110 112 111
112 111 112 112
112 112 112 113
112 113 112 114
112 114 112 115
112 115 112 116
112 116 112 117
112 117 112 118
112 118 112 119
112 119 112 120
112 120 112 121
112 121 112 122
112 122 112 123
112 129 113 129
112 130 113 130
112 131 113 131
112 132 113 132
112 133 113 133
112 134 113 134
113 96 113 97
113 97 113 98
113 98 113 99
113 99 113 100
113 100 113 101
113 101 113 102
113 102 113 103
113 103 113 104
113 104 113 105
113 105 113 106
113 106 113 107
113 107 113 108
113 108 113 109
113 109 113 110
113 110 113 111
113 111 113 112
113 112 113 113
113 113 113 114
113 114 113 115
113 115 113 116
113 116 113 117
113 117 113 118
113 118 113 119
113 119 113 120
113 120 113 121
113 121 113 122
113 122 113 123
113 123 113 124
113 124 113 125
113 125 113 126
113 126 113 127
113 127 113 128
113 128 113 129
113 129 113 130
113 130 113 131
113 131 113 132
113 132 113 133
113 133 113 134
113 134 113 135
113 135 113 136
113 136 113 137
114 104 115 104
114 109 114 110
114 110 114 111
114 111 114 112
114 112 114 113
114 113 114 114
114 114 114 115
114 115 114 116
114 116 114 117
114 117 114 118
114 118 114 119
114 119 114 120
114 120 114 121
114 121 114 122
114 122 114 123
114 123 114 124
114 124 114 125
114 125 114 126
114 126 114 127
114 127 114 128
114 128 114 129
114 129 114 130
114 130 114 131
114 131 114 132
114 132 114 133
114 133 114 134
114 134 114 135
114 135 114 136
114 136 114 137
115 115 115 116
115 116 115 117
115 117 115 118
115 118 115 119
115 119 115 120
115 120 115 121
115 121 115 122
115 122 115 123
115 123 115 124
115 124 115 125
115 125 115 126
115 126 115 127
115 127 115 128
115 128 115 129
115 129 115 130
115 130 115 131
115 131 115 132
115 132 115 133
115 133 115 134
115 134 115 135
115 135 115 136
115 136 115 137
115 137 115 138
115 138 115 139
115 139 115 140
116 118 116 119
116 119 116 120
116 120 116 121
116 121 116 122
116 122 116 123
116 123 116 124
116 124 116 125
116 125 116 126
116 126 116 127
116 127 116 128
116 128 116 129
116 129 116 130
116 130 116 131
116 131 116 132
116 132 116 133
116 133 116 134
116 134 116 135
116 135 116 136
116 136 116 137
116 137 116 138
116 138 116 139
116 139 116 140
116 140 116 141
117 120 117 121
117 121 117 122
117 122 117 123
117 123 117 124
117 124 117 125
117 125 117 126
117 126 117 127
117 127 117 128
117 128 117 129
117 129 117 130
117 130 117 131
117 131 117 132
117 132 117 133
117 133 117 134
117 134 117 135
117 135 117 136
117 136 117 137
117 137 117 138
117 138 117 139
117 139 117 140
117 140 117 141
117 141 117 142
118 120 119 120
118 121 119 121
118 122 119 122
118 124 118 125
118 125 118 126
118 126 118 127
118 127 118 128
118 128 118 129
118 129 118 130
118 130 118 131
118 131 118 132
118 132 118 133
118 133 118 134
118 134 118 135
118 135 118 136
118 136 118 137
118 137 118 138
118 138 118 139
118 139 118 140
118 140 118 141
118 141 118 142
119 120 119 121
119 121 119 122
119 122 119 123
119 123 119 124
119 124 119 125
119 125 119 126
119 126 119 127
119 127 119 128
119 128 119 129
119 129 119 130
119 130 119 131
119 131 119 132
119 132 119 133
119 133 119 134
119 134 119 135
119 135 119 136
119 136 119 137
119 137 119 138
119 138 119 139
119 139 119 140
119 140 119 141
119 141 119 142
120 137 121 137
120 138 121 138
120 139 121 139
120 140 121 140
120 141 121 141
120 142 121 142
121 137 122 137
121 138 122 138
121 139 122 139
121 140 122 140
121 141 122 141
121 142 122 142
122 138 123 138
122 139 123 139
122 140 123 140
122 141 123 141
122 142 123 142
122 143 123 143
123 138 124 138
123 139 124 139
123 140 124 140
123 141 124 141
123 142 124 142
123 143 124 143
124 138 125 138
124 139 125 139
124 140 125 140
124 141 125 141
124 142 125 142
124 143 125 143
125 140 126 140
125 141 126 141
125 142 126 142
125 143 126 143
126 140 127 140
126 141 127 141
126 142 127 142
126 143 127 143
127 139 127 140
127 140 128 140
127 141 128 141
127 142 128 142
127 143 128 143
128 140 129 140
128 141 129 141
128 142 129 142
128 143 129 143
128 144 129 144
129 140 130 140
129 141 130 141
129 142 130 142
129 143 130 143
129 144 130 144
130 141 131 141
130 142 131 142
130 143 131 143
130 144 131 144
130 145 131 145
130 146 131 146
131 141 132 141
131 142 132 142
131 143 132 143
131 144 132 144
131 145 132 145
131 146 132 146
131 147 132 147
132 141 133 141
132 142 133 142
132 143 133 143
132 144 133 144
132 146 133 146
132 147 133 147
132 148 133 148
133 142 134 142
133 143 134 143
133 144 133 145
133 145 133 146
133 146 133 147
133 147 133 148
133 150 134 150
134 143 135 143
134 144 134 145
134 145 134 146
134 146 134 147
134 147 134 148
134 150 135 150
134 151 135 151
135 143 136 143
135 144 135 145
135 145 135 146
135 146 135 147
135 147 135 148
135 148 135 149
135 149 135 150
135 151 136 151
136 144 136 145
136 145 136 146
136 146 136 147
136 147 136 148
136 148 136 149
136 149 136 150
136 150 136 151
136 151 136 152
136 152 136 153
136 153 136 154
136 154 136 155
136 155 136 156
137 145 137 146
137 146 137 147
137 147 137 148
137 148 137 149
137 149 137 150
137 150 137 151
137 151 137 152
137 152 137 153
137 153 137 154
137 154 137 155
137 155 137 156
137 156 137 157
137 157 137 158
137 158 137 159
138 146 138 147
138 147 138 148
138 148 138 149
138 149 138 150
138 150 138 151
138 151 138 152
138 152 138 153
138 153 138 154
138 154 138 155
138 155 138 156
138 156 138 157
138 157 138 158
138 158 138 159
138 159 138 160
138 160 138 161
139 147 139 148
139 148 139 149
139 149 139 150
139 150 139 151
139 151 139 152
139 152 139 153
139 153 139 154
139 154 139 155
139 155 139 156
139 156 139 157
139 157 139 158
139 158 139 159
139 159 139 160
139 160 139 161
140 148 140 149
140 149 140 150
140 150 140 151
140 151 140 152
140 152 140 153
140 153 140 154
140 154 140 155
140 155 140 156
140 156 140 157
140 157 140 158
140 158 140 159
140 159 140 160
140 160 140 161
140 161 140 162
141 148 141 149
141 149 141 150
141 150 141 151
141 151 141 152
141 152 141 153
141 153 141 154
141 154 141 155
141 155 141 156
141 156 141 157
141 157 141 158
141 158 141 159
141 159 141 160
141 160 141 161
141 161 141 162
141 162 141 163
141 163 141 164
141 164 141 165
141 165 141 166
142 149 142 150
142 150 142 151
142 151 142 152
142 152 142 153
142 153 142 154
142 154 142 155
142 155 142 156
142 156 142 157
142 157 142 158
142 158 142 159
142 159 142 160
142 160 142 161
142 161 142 162
142 162 142 163
142 163 142 164
142 164 142 165
142 165 142 166
142 166 142 167
142 167 142 168
142 168 142 169
142 169 142 170
142 170 142 171
143 150 143 151
143 151 143 152
143 152 143 153
143 153 143 154
143 154 143 155
143 155 143 156
143 156 143 157
143 157 143 158
143 158 143 159
143 159 143 160
143 160 143 161
143 161 143 162
143 162 143 163
143 163 143 164
143 164 143 165
143 165 143 166
143 166 143 167
143 167 143 168
143 168 143 169
143 169 143 170
143 170 143 171
143 171 143 172
143 172 143 173
143 173 143 174
143 174 143 175
143 175 143 176
143 176 143 177
144 151 144 152
144 152 144 153
144 153 144 154
144 154 144 155
144 155 144 156
144 156 144 157
144 157 144 158
144 158 144 159
144 159 144 160
144 160 144 161
144 161 144 162
144 162 144 163
144 163 144 164
144 164 144 165
144 165 144 166
144 166 144 167
144 167 144 168
144 168 144 169
144 169 144 170
144 170 144 171
144 171 144 172
144 172 144 173
144 173 144 174
144 174 144 175
144 175 144 176
144 176 144 177
145 151 145 152
145 152 145 153
145 153 145 154
145 154 145 155
145 155 145 156
145 156 145 157
145 157 145 158
145 158 145 159
145 159 145 160
145 160 145 161
145 161 145 162
145 162 145 163
145 163 145 164
145 164 145 165
145 165 145 166
145 166 145 167
145 167 145 168
145 168 145 169
145 169 145 170
145 170 145 171
145 171 145 172
145 172 145 173
145 173 145 174
145 174 145 175
145 175 145 176
145 176 145 177
146 156 146 157
146 157 146 158
146 158 146 159
146 159 146 160
146 160 146 161
146 161 146 162
146 162 146 163
146 163 146 164
146 164 146 165
146 165 146 166
146 166 146 167
146 167 146 168
146 168 146 169
146 169 146 170
146 170 146 171
146 171 146 172
146 172 146 173
146 173 146 174
146 174 146 175
146 175 146 176
146 176 146 177
146 177 146 178
146 178 146 179
146 179 146 180
147 161 147 162
147 162 147 163
147 163 147 164
147 164 147 165
147 165 147 166
147 166 147 167
147 167 147 168
147 168 147 169
147 169 147 170
147 170 147 171
147 171 147 172
147 172 147 173
147 173 147 174
147 174 147 175
147 175 147 176
147 176 147 177
147 177 147 178
147 178 147 179
147 179 147 180
147 182 148 182
147 187 148 187
147 188 148 188
147 189 148 189
148 172 148 173
148 173 148 174
148 174 148 175
148 175 148 176
148 176 148 177
148 177 148 178
148 178 148 179
148 179 148 180
148 180 148 181
148 181 148 182
148 186 149 186
148 187 149 187
148 188 149 188
148 189 149 189
148 190 149 190
148 191 149 191
149 177 150 177
149 178 149 179
149 179 149 180
149 180 149 181
149 181 149 182
149 186 150 186
149 187 150 187
149 188 150 188
149 189 150 189
149 190 150 190
149 191 150 191
149 192 150 192
150 177 150 178
150 178 150 179
150 179 150 180
150 180 150 181
150 181 150 182
150 182 150 183
150 183 150 184
150 184 150 185
150 185 150 186
150 186 150 187
150 187 150 188
150 188 150 189
150 189 150 190
150 190 150 191
150 191 150 192
151 180 151 181
151 181 151 182
151 182 151 183
151 183 151 184
151 184 151 185
151 185 151 186
151 186 151 187
151 187 151 188
151 188 151 189
151 190 151 191
151 191 151 192
152 181 152 182
152 182 152 183
152 183 152 184
152 184 152 185
152 185 152 186
152 186 152 187
152 187 152 188
152 188 152 189
152 189 153 189
152 192 153 192
152 193 153 193
153 180 153 181
153 181 153 182
153 182 153 183
153 183 153 184
153 184 153 185
153 185 153 186
153 186 153 187
153 187 153 188
153 188 153 189
153 190 153 191
153 191 153 192
154 185 154 186
154 186 154 187
154 187 154 188
154 188 155 188
154 189 155 189
154 190 155 190
154 191 155 191
154 192 155 192
154 193 155 193
154 194 154 195
155 186 155 187
155 188 156 188
155 189 156 189
155 190 156 190
155 191 156 191
155 192 156 192
155 193 156 193
155 194 155 195
156 188 157 188
156 189 157 189
156 190 157 190
156 191 157 191
156 192 157 192
156 193 157 193
156 194 156 195
156 195 156 196
157 188 158 188
157 189 158 189
157 190 158 190
157 191 158 191
157 192 158 192
157 193 158 193
157 194 157 195
157 195 157 196
157 196 157 197
157 197 157 198
157 198 158 198
158 189 159 189
158 190 159 190
158 191 159 191
158 192 159 192
158 193 159 193
158 194 158 195
158 195 158 196
158 196 158 197
158 197 158 198
158 198 158 199
158 199 159 199
159 188 159 189
159 189 160 189
159 192 160 192
159 193 160 193
159 194 159 195
159 195 159 196
159 196 159 197
159 197 159 198
159 198 159 199
159 199 160 199
159 200 159 201
159 201 160 201
160 189 161 189
160 190 161 190
160 191 161 191
160 192 161 192
160 193 161 193
160 196 161 196
160 197 161 197
160 198 161 198
160 199 161 199
160 200 161 200
160 201 161 201
161 192 162 192
161 193 162 193
161 196 162 196
161 197 162 197
161 198 162 198
161 199 162 199
161 200 162 200
161 201 162 201
162 192 163 192
162 193 163 193
162 196 163 196
162 197 163 197
162 198 163 198
162 199 163 199
162 200 163 200
162 201 163 201
163 193 164 193
163 196 164 196
163 197 164 197
163 198 164 198
163 199 164 199
163 200 164 200
163 201 164 201
164 193 165 193
164 194 164 195
164 195 164 196
164 198 165 198
164 199 165 199
164 200 165 200
164 201 165 201
165 198 166 198
165 199 166 199
165 200 166 200
165 201 166 201
165 202 166 202
166 198 167 198
166 199 167 199
166 200 167 200
166 201 167 201
166 202 167 202
167 198 168 198
167 199 168 199
167 200 168 200
167 201 168 201
167 202 168 202
168 199 169 199
168 200 169 200
168 201 169 201
168 202 169 202
169 199 170 199
169 201 170 201
169 202 170 202
170 198 171 198
170 199 171 199
170 201 171 201
170 202 171 202
171 198 171 199
171 199 172 199
171 200 171 201
171 201 172 201
171 202 172 202
172 198 172 199
172 200 172 201
172 201 173 201
172 202 173 202
173 201 174 201
173 202 174 202
174 201 175 201
174 202 175 202
174 203 175 203
175 201 176 201
175 202 176 202
175 203 176 203
175 204 176 204
175 205 176 205
175 206 176 206
176 202 177 202
176 203 177 203
176 204 177 204
176 205 177 205
176 206 177 206
177 203 178 203
177 204 178 204
177 205 178 205
177 206 178 206
177 207 178 207
177 208 178 208
178 203 179 203
178 204 179 204
178 205 179 205
178 206 179 206
178 207 179 207
178 208 179 208
178 209 178 210
179 203 180 203
179 204 180 204
179 205 180 205
179 206 180 206
179 207 180 207
179 208 180 208
179 209 179 210
180 203 181 203
180 204 181 204
180 205 181 205
180 206 181 206
180 207 181 207
180 208 181 208
181 202 182 202
181 203 182 203
181 204 182 204
181 205 182 205
181 206 182 206
181 207 182 207
181 208 182 208
181 209 182 209
182 201 183 201
182 202 183 202
182 203 183 203
182 204 183 204
182 205 183 205
182 206 183 206
182 207 183 207
182 208 183 208
182 209 183 209
183 201 184 201
183 202 184 202
183 203 184 203
183 204 184 204
183 205 184 205
183 206 184 206
183 207 184 207
183 208 184 208
183 209 184 209
184 202 185 202
184 203 185 203
184 204 185 204
184 205 185 205
184 206 185 206
184 207 185 207
184 208 185 208
184 209 185 209
184 210 185 210
185 199 185 200
185 200 185 201
185 201 185 202
185 202 185 203
185 203 186 203
185 204 186 204
185 205 186 205
185 206 186 206
185 207 186 207
185 208 186 208
185 209 186 209
186 199 186 200
186 200 186 201
186 201 186 202
186 202 186 203
186 203 187 203
186 204 187 204
186 205 187 205
186 206 187 206
186 207 187 207
186 208 187 208
186 209 187 209
187 199 187 200
187 200 187 201
187 201 187 202
187 202 187 203
187 203 188 203
187 204 188 204
187 205 188 205
187 206 188 206
187 207 188 207
187 208 188 208
187 210 187 211
188 199 188 200
188 200 188 201
188 201 188 202
188 202 188 203
188 203 189 203
188 204 189 204
188 205 189 205
188 206 189 206
188 207 189 207
188 208 189 208
188 209 188 210
188 210 188 211
188 211 188 212
189 200 189 201
189 201 189 202
189 202 189 203
189 203 190 203
189 204 190 204
189 205 190 205
189 206 190 206
189 207 190 207
189 208 190 208
189 209 189 210
189 210 189 211
189 211 189 212
189 212 189 213
190 201 190 202
190 202 190 203
190 203 191 203
190 204 191 204
190 205 191 205
190 206 191 206
190 207 191 207
190 208 191 208
190 209 190 210
190 210 190 211
190 211 190 212
190 212 190 213
190 213 190 214
191 201 191 202
191 202 191 203
191 203 192 203
191 204 192 204
191 205 192 205
191 206 192 206
191 207 192 207
191 208 192 208
191 209 191 210
191 210 191 211
191 211 191 212
191 212 191 213
191 213 191 214
191 214 191 215
192 206 193 206
192 207 193 207
192 208 193 208
192 209 192 210
192 210 192 211
192 211 192 212
192 212 192 213
192 213 192 214
192 214 192 215
192 215 192 216
192 216 192 217
193 210 193 211
193 211 193 212
193 212 193 213
193 213 193 214
193 214 193 215
193 215 193 216
193 216 193 217
194 211 195 211
194 215 195 215
195 213 196 213
195 214 196 214
195 215 196 215
195 216 196 216
196 214 197 214
196 215 197 215
196 216 197 216
196 218 197 218
196 220 197 220
196 221 197 221
197 215 198 215
197 217 197 218
197 218 197 219
197 219 197 220
197 220 197 221
198 215 199 215
198 217 198 218
198 218 198 219
198 219 198 220
198 220 198 221
198 221 198 222
199 217 199 218
199 219 200 219
199 223 199 224
199 224 199 225
199 225 200 225
200 219 201 219
200 223 200 224
200 224 200 225
200 225 201 225
200 226 201 226
201 219 202 219
201 221 201 222
201 225 202 225
201 226 202 226
201 227 202 227
201 228 202 228
202 219 202 220
202 220 202 221
202 221 202 222
202 222 202 223
202 223 202 224
202 224 202 225
202 225 202 226
202 226 202 227
202 227 202 228
202 228 203 228
202 229 203 229
203 220 203 221
203 221 203 222
203 222 203 223
203 223 203 224
203 224 203 225
203 225 203 226
203 226 203 227
203 227 203 228
203 228 204 228
203 229 204 229
204 222 204 223
204 223 204 224
204 224 204 225
204 225 205 225
204 226 205 226
204 227 205 227
204 228 205 228
204 229 205 229
204 230 205 230
204 231 205 231
205 223 205 224
205 224 205 225
205 225 206 225
205 226 206 226
205 227 206 227
205 228 206 228
205 229 206 229
205 230 206 230
205 231 206 231
205 232 206 232
206 224 206 225
206 225 207 225
206 226 207 226
206 227 207 227
206 228 207 228
206 229 207 229
206 230 207 230
206 231 207 231
206 232 207 232
206 233 207 233
207 224 207 225
207 225 208 225
207 226 208 226
207 227 208 227
207 228 208 228
207 229 208 229
207 230 208 230
207 231 208 231
207 232 208 232
207 233 208 233
208 224 208 225
208 228 209 228
208 229 209 229
208 230 209 230
208 231 209 231
208 232 209 232
208 233 209 233
208 234 209 234
209 228 210 228
209 229 210 229
209 230 210 230
209 231 210 231
209 232 210 232
209 233 210 233
209 234 210 234
210 228 211 228
210 229 211 229
210 230 211 230
210 231 211 231
210 232 211 232
210 233 211 233
210 234 211 234
210 235 210 236
211 228 212 228
211 229 212 229
211 230 212 230
211 231 212 231
211 232 212 232
211 233 212 233
211 234 212 234
211 235 211 236
211 236 211 237
212 228 213 228
212 229 213 229
212 230 213 230
212 231 213 231
212 232 213 232
212 233 213 233
212 234 213 234
212 237 213 237
213 228 214 228
213 229 214 229
213 233 214 233
213 235 213 236
213 236 213 237
213 237 213 238
213 238 213 239
214 232 215 232
214 233 215 233
214 234 215 234
214 237 215 237
214 238 214 239
215 232 216 232
215 233 216 233
215 234 216 234
215 237 216 237
215 238 215 239
216 233 217 233
216 234 217 234
216 235 216 236
216 236 216 237
216 238 216 239
216 239 216 240
216 240 216 241
216 241 216 242
217 233 218 233
217 234 218 234
217 235 217 236
217 236 217 237
217 238 217 239
217 239 217 240
217 240 217 241
217 241 217 242
217 242 217 243
218 232 218 233
218 233 219 233
218 234 218 235
218 235 218 236
218 236 218 237
218 237 218 238
218 238 218 239
218 239 218 240
218 240 218 241
218 241 218 242
218 242 218 243
218 243 218 244
219 237 220 237
219 238 219 239
219 241 219 242
219 242 219 243
219 243 219 244
219 244 219 245
220 237 221 237
220 239 221 239
220 240 221 240
220 242 220 243
220 243 220 244
220 244 220 245
221 238 221 239
221 241 221 242
221 242 221 243
221 243 221 244
221 244 221 245
221 245 221 246
221 248 222 248
222 241 222 242
222 242 222 243
222 243 222 244
222 244 222 245
222 245 222 246
222 246 222 247
222 247 222 248
222 250 223 250
222 251 223 251
223 240 223 241
223 241 223 242
223 242 223 243
223 243 223 244
223 244 223 245
223 245 223 246
223 246 223 247
223 247 223 248
223 248 223 249
223 249 223 250
223 250 223 251
224 247 224 248
224 248 224 249
224 249 224 250
224 250 224 251
224 251 224 252
225 251 226 251
225 252 226 252
225 253 226 253
226 253 227 253
227 252 227 253
227 253 227 254
227 254 227 255
227 255 227 256
227 256 227 257
227 257 227 258
227 258 227 259
228 251 228 252
228 252 228 253
228 253 228 254
228 254 228 255
228 255 228 256
228 256 228 257
228 257 228 258
228 258 228 259
228 259 228 260
228 260 228 261
228 261 228 262
229 253 229 254
229 254 229 255
229 255 229 256
229 256 229 257
229 257 229 258
229 258 229 259
229 259 229 260
229 260 229 261
229 261 229 262
229 262 229 263
230 253 230 254
230 254 230 255
230 255 230 256
230 256 230 257
230 257 230 258
230 258 230 259
230 259 230 260
230 260 230 261
230 261 230 262
230 262 230 263
230 263 230 264
230 264 230 265
231 260 231 261
231 261 231 262
231 262 231 263
231 263 231 264
231 264 231 265
231 265 231 266
231 266 231 267
231 267 231 268
231 268 231 269
231 269 231 270
232 266 232 267
232 267 232 268
232 268 232 269
232 269 232 270
232 270 232 271
232 271 232 272
233 267 233 268
233 268 233 269
233 269 233 270
233 270 233 271
233 271 233 272
233 272 233 273
233 273 233 274
233 274 233 275
234 269 234 270
234 270 234 271
234 271 234 272
234 272 234 273
234 273 234 274
234 274 234 275
234 275 234 276
234 276 234 277
235 273 235 274
235 274 235 275
235 275 235 276
235 276 235 277
235 277 235 278
235 278 235 279
236 274 236 275
236 275 236 276
236 276 236 277
236 277 236 278
236 278 236 279
236 279 236 280
237 276 237 277
237 277 237 278
237 278 237 279
237 279 237 280
237 280 237 281
237 281 237 282
237 282 237 283
237 283 237 284
238 277 238 278
238 278 238 279
238 279 238 280
238 280 238 281
238 281 238 282
238 282 238 283
238 283 238 284
238 284 238 285
238 285 238 286
239 279 239 280
239 280 239 281
239 281 239 282
239 282 239 283
239 283 239 284
239 285 239 286
240 280 240 281
240 281 240 282
240 282 240 283
240 283 240 284
240 284 240 285
240 285 240 286
240 286 240 287
240 287 240 288
240 288 240 289
240 289 241 289
241 281 241 282
241 282 241 283
241 283 241 284
241 284 241 285
241 285 241 286
241 286 241 287
241 287 241 288
241 288 241 289
241 289 241 290
241 290 241 291
241 291 242 291
241 292 242 292
242 281 242 282
242 282 242 283
242 283 242 284
242 284 242 285
242 285 242 286
242 286 242 287
242 287 242 288
242 288 242 289
242 289 242 290
242 290 242 291
242 291 242 292
242 292 242 293
242 294 243 294
243 282 243 283
243 283 243 284
243 284 243 285
243 285 243 286
243 286 243 287
243 287 243 288
243 288 243 289
243 289 243 290
243 290 243 291
243 291 243 292
243 293 244 293
243 294 244 294
244 284 244 285
244 285 244 286
244 286 244 287
244 287 244 288
244 288 244 289
244 289 244 290
244 290 244 291
244 291 245 291
244 292 245 292
244 293 245 293
244 294 245 294
245 286 245 287
245 287 245 288
245 289 246 289
245 290 246 290
245 291 246 291
245 292 246 292
245 293 246 293
245 294 246 294
246 287 246 288
246 289 247 289
246 290 247 290
246 291 247 291
246 292 247 292
246 293 247 293
246 294 247 294
246 295 247 295
247 287 247 288
247 288 247 289
247 289 248 289
247 290 248 290
247 291 248 291
247 292 248 292
247 293 248 293
247 294 248 294
247 295 248 295
247 296 248 296
248 288 248 289
248 291 249 291
248 292 249 292
248 293 249 293
248 294 249 294
248 295 249 295
248 296 249 296
248 297 249 297
248 298 249 298
249 291 250 291
249 292 250 292
249 293 250 293
249 294 250 294
249 295 250 295
249 296 250 296
249 297 250 297
249 298 250 298
249 299 250 299
250 289 250 290
250 290 250 291
250 291 251 291
250 292 251 292
250 293 251 293
250 294 251 294
250 295 251 295
250 296 251 296
250 297 251 297
250 298 251 298
250 299 251 299
250 300 251 300
251 290 251 291
251 292 252 292
251 293 252 293
251 294 252 294
251 295 252 295
251 296 252 296
251 297 252 297
251 298 252 298
251 299 252 299
251 300 252 300
251 301 252 301
251 302 252 302
252 291 253 291
252 292 253 292
252 293 253 293
252 294 253 294
252 295 253 295
252 296 253 296
252 297 253 297
252 298 253 298
252 299 253 299
252 300 253 300
252 301 253 301
252 302 253 302
253 291 253 292
253 292 253 293
253 293 253 294
253 294 254 294
253 295 253 296
253 296 253 297
253 297 253 298
253 298 253 299
253 301 254 301
253 302 254 302
253 303 254 303
253 304 254 304
253 305 254 305
253 306 254 306
253 307 254 307
254 292 254 293
254 293 254 294
254 294 255 294
254 295 254 296
254 296 254 297
254 297 254 298
254 298 254 299
254 301 255 301
254 302 255 302
254 303 255 303
254 304 255 304
254 305 255 305
254 306 255 306
254 307 255 307
255 293 255 294
255 294 256 294
255 295 255 296
255 296 255 297
255 297 255 298
255 298 255 299
255 301 256 301
255 302 256 302
255 303 256 303
255 304 256 304
255 305 256 305
255 306 256 306
255 307 256 307
256 293 256 294
256 294 257 294
256 295 256 296
256 296 256 297
256 297 256 298
256 298 256 299
256 301 257 301
256 302 257 302
256 303 257 303
256 304 257 304
256 305 257 305
256 306 257 306
256 307 257 307
257 294 258 294
257 295 257 296
257 296 257 297
257 297 257 298
257 298 257 299
257 301 258 301
257 302 258 302
257 303 258 303
257 304 258 304
257 305 258 305
257 306 258 306
257 307 258 307
257 309 257 310
258 294 259 294
258 295 258 296
258 296 258 297
258 297 258 298
258 298 258 299
258 301 259 301
258 302 259 302
258 303 259 303
258 304 259 304
258 305 259 305
258 306 259 306
258 307 259 307
258 309 258 310
259 295 259 296
259 296 259 297
259 297 259 298
259 298 259 299
259 301 260 301
259 302 260 302
259 303 260 303
259 304 260 304
259 305 260 305
259 306 260 306
259 307 260 307
259 309 259 310
260 295 260 296
260 296 260 297
260 297 260 298
260 298 260 299
260 301 261 301
260 302 261 302
260 303 261 303
260 304 261 304
260 305 261 305
260 306 261 306
260 307 261 307
260 309 260 310
260 310 260 311
261 298 262 298
261 299 262 299
261 300 262 300
261 301 262 301
261 302 262 302
261 303 262 303
261 304 262 304
261 305 262 305
261 306 262 306
261 307 262 307
261 308 262 308
261 309 261 310
262 298 263 298
262 299 263 299
262 300 263 300
262 301 263 301
262 302 263 302
262 303 263 303
262 304 263 304
262 305 263 305
262 306 263 306
262 307 263 307
262 308 263 308
263 299 264 299
263 300 264 300
263 301 264 301
263 302 264 302
263 303 264 303
263 304 264 304
263 305 264 305
263 306 264 306
263 307 264 307
263 308 264 308
263 310 263 311
264 299 265 299
264 300 265 300
264 301 265 301
264 302 265 302
264 303 265 303
264 304 265 304
264 305 265 305
264 306 265 306
264 307 265 307
264 308 265 308
264 309 265 309
264 310 264 311
265 300 266 300
265 301 266 301
265 302 266 302
265 303 266 303
265 304 266 304
265 305 266 305
265 306 266 306
265 307 266 307
265 308 266 308
265 309 266 309
266 301 267 301
266 302 267 302
266 303 267 303
266 304 267 304
266 305 267 305
266 306 267 306
266 307 267 307
266 308 267 308
266 309 267 309
267 301 268 301
267 302 268 302
267 303 268 303
267 304 268 304
267 305 268 305
267 306 268 306
267 307 268 307
267 308 268 308
267 309 268 309
268 301 269 301
268 302 269 302
268 303 269 303
268 304 269 304
268 305 269 305
268 306 269 306
268 307 269 307
268 308 269 308
269 301 270 301
269 302 270 302
269 303 270 303
269 304 270 304
269 305 270 305
269 306 270 306
269 307 270 307
269 308 270 308
270 301 271 301
270 302 271 302
270 303 271 303
270 304 271 304
270 305 271 305
270 306 271 306
270 307 271 307
271 301 272 301
271 302 272 302
271 303 272 303
271 304 272 304
271 305 272 305
271 306 272 306
271 307 272 307
272 301 273 301
272 302 273 302
272 303 273 303
272 304 273 304
272 305 273 305
272 306 273 306
272 307 273 307
273 300 273 301
273 301 274 301
273 302 274 302
273 303 274 303
273 304 274 304
273 305 274 305
273 306 274 306
273 307 274 307
274 300 274 301
274 302 275 302
274 303 275 303
274 304 275 304
274 305 275 305
274 306 275 306
274 307 275 307
275 303 276 303
275 304 276 304
275 305 276 305
275 306 276 306
275 307 276 307
276 303 277 303
276 304 277 304
276 305 277 305
276 306 277 306
276 307 277 307
277 303 278 303
277 304 278 304
277 305 278 305
277 306 278 306
277 307 278 307
277 308 278 308
278 303 279 303
278 304 279 304
278 305 279 305
278 306 279 306
278 307 279 307
278 308 279 308
279 303 280 303
279 304 280 304
279 305 280 305
279 306 280 306
279 307 280 307
279 308 280 308
280 304 281 304
280 306 281 306
280 307 281 307
280 308 281 308
280 310 281 310
281 306 282 306
281 307 282 307
281 308 282 308
281 309 282 309
281 310 282 310
281 311 282 311
282 305 282 306
282 306 283 306
282 307 283 307
282 308 283 308
282 309 283 309
282 310 283 310
282 311 283 311
282 312 283 312
283 305 283 306
283 306 284 306
283 307 284 307
283 308 284 308
283 309 284 309
283 310 284 310
283 311 284 311
283 312 284 312
284 305 284 306
284 306 285 306
284 307 285 307
284 308 285 308
284 309 285 309
284 310 285 310
284 311 285 311
284 312 285 312
285 305 285 306
285 306 286 306
285 307 286 307
285 309 286 309
285 310 286 310
285 311 286 311
285 312 286 312
285 313 285 314
286 305 286 306
286 309 287 309
286 310 287 310
286 311 287 311
286 312 287 312
286 313 286 314
286 316 287 316
287 309 288 309
287 310 288 310
287 311 288 311
287 312 288 312
287 315 288 315
288 308 289 308
288 309 289 309
288 310 289 310
288 311 289 311
288 312 289 312
288 313 288 314
288 314 288 315
288 315 289 315
289 306 290 306
289 307 290 307
289 308 290 308
289 309 290 309
289 310 290 310
289 311 290 311
289 312 290 312
289 313 289 314
289 314 289 315
289 315 290 315
290 305 290 306
290 306 291 306
290 307 291 307
290 308 291 308
290 309 291 309
290 310 291 310
290 311 291 311
290 312 291 312
290 313 290 314
290 314 290 315
290 315 291 315
291 305 291 306
291 306 292 306
291 307 292 307
291 308 292 308
291 309 292 309
291 310 292 310
291 311 292 311
291 312 292 312
291 313 291 314
291 314 291 315
291 315 292 315
292 305 292 306
292 306 293 306
292 307 293 307
292 308 293 308
292 309 293 309
292 310 293 310
292 311 293 311
292 312 293 312
292 315 293 315
293 306 294 306
293 307 294 307
293 308 294 308
293 309 294 309
293 310 294 310
293 311 294 311
293 312 294 312
293 315 294 315
294 306 295 306
294 307 295 307
294 308 295 308
294 309 295 309
294 310 295 310
294 311 295 311
294 312 295 312
294 315 295 315
295 305 295 306
295 306 296 306
295 307 296 307
295 308 296 308
295 309 296 309
295 310 296 310
295 311 296 311
295 312 296 312
295 313 296 313
295 314 296 314
295 315 296 315
296 306 297 306
296 307 297 307
296 308 297 308
296 309 297 309
296 310 297 310
296 311 297 311
296 312 297 312
296 313 297 313
296 314 297 314
296 315 297 315
297 306 298 306
297 307 298 307
297 308 298 308
297 309 298 309
297 310 298 310
297 311 298 311
297 312 298 312
297 313 298 313
297 314 298 314
297 315 298 315
298 306 299 306
298 307 299 307
298 308 299 308
298 309 299 309
298 310 299 310
298 311 299 311
298 312 299 312
298 313 299 313
298 314 299 314
298 315 299 315
299 306 300 306
299 307 300 307
299 308 300 308
299 309 300 309
299 310 300 310
299 311 300 311
299 312 300 312
299 313 300 313
299 314 300 314
299 315 300 315
300 306 301 306
300 307 301 307
300 308 301 308
300 309 301 309
300 310 301 310
300 311 301 311
300 312 301 312
300 313 301 313
300 314 301 314
301 306 302 306
301 307 302 307
301 308 302 308
301 309 302 309
301 310 302 310
301 311 302 311
301 312 302 312
301 313 302 313
301 314 302 314
302 306 303 306
302 307 303 307
302 308 303 308
302 309 303 309
302 310 303 310
302 311 303 311
302 312 303 312
302 313 303 313
302 314 303 314
303 306 304 306
303 307 304 307
303 308 304 308
303 309 304 309
303 310 304 310
303 311 304 311
303 312 304 312
303 313 304 313
303 314 304 314
304 306 305 306
304 307 305 307
304 308 305 308
304 309 305 309
304 310 305 310
304 311 305 311
304 312 305 312
304 313 305 313
304 314 305 314
305 306 306 306
305 307 306 307
305 308 306 308
305 309 306 309
305 310 306 310
305 311 306 311
305 312 306 312
305 313 306 313
305 314 306 314
306 306 307 306
306 307 307 307
306 308 307 308
306 309 307 309
306 310 307 310
306 311 307 311
306 312 307 312
306 313 307 313
306 314 307 314
307 306 308 306
307 307 308 307
307 308 308 308
307 309 308 309
307 310 308 310
307 311 308 311
307 312 308 312
307 313 308 313
307 314 308 314
308 306 309 306
308 307 309 307
308 308 309 308
308 309 309 309
308 310 309 310
308 311 309 311
308 312 309 312
308 313 309 313
308 314 309 314
309 306 310 306
309 307 310 307
309 308 310 308
309 309 310 309
309 310 310 310
309 311 310 311
309 312 310 312
309 313 310 313
310 306 311 306
310 307 311 307
310 308 311 308
310 309 311 309
310 310 311 310
310 311 311 311
310 312 311 312
310 313 311 313
311 306 312 306
311 307 312 307
311 308 312 308
311 309 312 309
311 310 312 310
311 311 312 311
311 312 312 312
311 313 312 313
311 314 312 314
312 306 313 306
312 307 313 307
312 308 313 308
312 309 313 309
312 310 313 310
312 311 313 311
312 312 313 312
312 313 313 313
312 314 313 314
313 306 314 306
313 307 314 307
313 308 314 308
313 309 314 309
313 310 314 310
313 311 314 311
313 312 314 312
313 313 314 313
313 314 314 314
314 306 315 306
314 307 315 307
314 308 315 308
314 309 315 309
314 310 315 310
314 311 315 311
314 312 315 312
314 313 315 313
314 314 315 314
315 306 316 306
315 307 316 307
315 308 316 308
315 309 316 309
315 310 316 310
315 311 316 311
315 312 316 312
315 313 316 313
315 314 316 314
316 306 317 306
316 307 317 307
316 308 317 308
316 309 317 309
316 310 317 310
316 311 317 311
316 312 317 312
316 313 317 313
316 314 317 314
317 306 318 306
317 307 318 307
317 308 318 308
317 309 318 309
317 310 318 310
317 311 318 311
317 312 318 312
317 313 318 313
317 314 318 314
318 306 319 306
318 307 319 307
318 308 319 308
318 309 319 309
318 310 319 310
318 311 319 311
318 312 319 312
318 313 319 313
318 314 319 314
319 306 320 306
319 307 320 307
319 308 320 308
319 309 320 309
319 310 320 310
319 311 320 311
319 312 320 312
319 313 320 313
319 314 320 314
320 306 321 306
320 307 321 307
320 308 321 308
320 309 321 309
320 310 321 310
320 311 321 311
320 312 321 312
320 313 321 313
320 314 321 314
321 306 322 306
321 307 322 307
321 308 322 308
321 309 322 309
321 310 322 310
321 311 322 311
321 312 322 312
321 313 322 313
321 314 322 314
322 306 323 306
322 307 323 307
322 308 323 308
322 309 323 309
322 310 323 310
322 311 323 311
322 312 323 312
322 313 323 313
322 314 323 314
323 306 324 306
323 307 324 307
323 308 324 308
323 309 324 309
323 310 324 310
323 311 324 311
323 312 324 312
323 313 324 313
323 314 324 314
324 306 325 306
324 307 325 307
324 308 325 308
324 309 325 309
324 310 325 310
324 311 325 311
324 312 325 312
324 313 325 313
325 306 326 306
325 307 326 307
325 308 326 308
325 309 326 309
325 310 326 310
325 311 326 311
325 312 326 312
325 313 326 313
326 305 326 306
326 306 327 306
326 307 327 307
326 308 327 308
326 309 327 309
326 310 327 310
326 311 327 311
326 312 327 312
326 313 327 313
327 305 327 306
327 306 328 306
327 307 328 307
327 308 328 308
327 309 328 309
327 310 328 310
327 311 328 311
327 312 328 312
327 313 328 313
328 305 328 306
328 306 329 306
328 307 329 307
328 308 329 308
328 309 329 309
328 310 329 310
328 311 329 311
328 312 329 312
328 313 329 313
329 305 329 306
329 306 330 306
329 307 330 307
329 308 330 308
329 309 330 309
329 310 330 310
329 312 330 312
329 313 330 313
330 305 331 305
330 306 331 306
330 307 331 307
330 308 331 308
330 309 331 309
330 310 331 310
330 312 331 312
331 306 332 306
331 307 332 307
331 308 332 308
331 309 332 309
331 311 332 311
331 312 332 312
332 305 333 305
332 306 333 306
332 307 333 307
332 308 333 308
332 311 333 311
332 312 333 312
333 306 334 306
333 307 334 307
333 308 334 308
333 311 334 311
333 312 334 312
334 306 335 306
334 307 335 307
334 308 335 308
334 309 335 309
334 311 335 311
334 312 335 312
335 305 335 306
335 306 336 306
335 307 336 307
335 308 336 308
335 309 336 309
335 310 336 310
335 311 336 311
335 312 336 312
335 313 335 314
336 305 336 306
336 306 337 306
336 307 337 307
336 308 337 308
336 309 337 309
336 310 337 310
336 311 337 311
336 312 337 312
336 313 336 314
337 305 337 306
337 306 338 306
337 307 338 307
337 308 338 308
337 309 338 309
337 310 338 310
337 311 338 311
337 312 338 312
337 313 337 314
338 305 338 306
338 306 339 306
338 307 339 307
338 308 339 308
338 309 339 309
338 310 339 310
338 311 339 311
338 313 338 314
339 305 339 306
339 306 340 306
339 307 340 307
339 308 340 308
339 309 340 309
339 310 340 310
339 311 340 311
339 313 340 313
339 314 340 314
339 315 340 315
340 307 341 307
340 308 341 308
340 309 341 309
340 310 341 310
340 311 341 311
340 312 341 312
340 313 340 314
340 314 340 315
340 315 341 315
341 307 342 307
341 308 342 308
341 309 342 309
341 310 342 310
341 311 342 311
341 312 342 312
341 313 341 314
341 314 341 315
341 315 342 315
342 307 343 307
342 308 343 308
342 309 343 309
342 310 343 310
342 311 343 311
342 312 343 312
342 313 343 313
342 315 343 315
342 316 343 316
343 307 344 307
343 308 344 308
343 309 344 309
343 310 344 310
343 311 344 311
343 312 344 312
343 313 343 314
343 314 344 314
343 315 344 315
344 307 345 307
344 308 345 308
344 309 345 309
344 310 345 310
344 311 345 311
344 312 345 312
344 314 345 314
344 315 345 315
345 311 346 311
345 312 346 312
345 313 346 313
345 314 346 314
345 315 346 315
346 311 347 311
346 312 347 312
346 313 347 313
346 314 347 314
346 315 347 315
347 311 348 311
347 312 348 312
347 313 348 313
347 314 348 314
347 315 348 315
348 312 349 312
348 313 349 313
348 314 349 314
348 315 349 315
349 312 350 312
349 313 350 313
349 314 350 314
349 315 350 315
350 312 351 312
350 313 351 313
350 314 351 314
350 315 351 315
351 311 352 311
351 312 352 312
351 313 352 313
351 314 352 314
351 315 352 315
352 311 353 311
352 312 353 312
352 313 353 313
352 314 353 314
352 315 353 315
352 316 353 316
353 311 354 311
353 312 354 312
353 313 354 313
353 314 354 314
353 315 354 315
353 316 354 316
354 311 355 311
354 312 355 312
354 313 355 313
354 314 355 314
354 315 355 315
354 316 355 316
355 311 356 311
355 312 356 312
355 313 356 313
355 314 356 314
355 315 356 315
355 316 356 316
356 311 357 311
356 312 357 312
356 313 357 313
356 314 357 314
356 315 357 315
356 316 357 316
356 317 357 317
357 309 357 310
357 310 357 311
357 311 358 311
357 312 358 312
357 313 358 313
357 314 358 314
357 316 358 316
357 317 358 317
358 310 359 310
358 311 359 311
358 312 359 312
358 313 359 313
358 314 359 314
358 316 359 316
358 317 359 317
359 310 359 311
359 311 360 311
359 312 360 312
359 314 360 314
359 315 360 315
359 316 360 316
359 317 360 317
359 318 360 318
360 310 361 310
360 311 361 311
360 312 361 312
360 314 361 314
360 315 361 315
360 316 361 316
360 317 361 317
360 318 361 318
361 310 361 311
361 311 362 311
361 312 362 312
361 313 361 314
361 314 362 314
361 315 362 315
361 316 362 316
361 317 362 317
361 318 362 318
361 319 362 319
362 309 362 310
362 310 362 311
362 311 363 311
362 312 363 312
362 313 362 314
362 314 363 314
362 315 363 315
362 316 363 316
362 317 363 317
362 318 363 318
362 319 363 319
363 310 363 311
363 312 364 312
363 313 363 314
363 314 364 314
363 315 364 315
363 316 364 316
363 317 364 317
363 318 364 318
363 319 364 319
363 320 364 320
364 312 365 312
364 313 364 314
364 314 365 314
364 315 365 315
364 316 365 316
364 317 365 317
364 318 365 318
364 319 365 319
364 320 365 320
365 312 366 312
365 313 365 314
365 314 366 314
365 315 366 315
365 316 366 316
365 317 366 317
365 318 366 318
365 319 366 319
365 320 366 320
366 312 367 312
366 313 366 314
366 314 367 314
366 315 367 315
366 316 367 316
366 317 367 317
366 318 367 318
366 319 367 319
366 320 367 320
366 321 367 321
367 312 368 312
367 313 367 314
367 314 368 314
367 315 368 315
367 316 368 316
367 317 368 317
367 318 368 318
367 319 368 319
367 320 368 320
367 321 368 321
367 322 368 322
368 313 368 314
368 314 369 314
368 315 369 315
368 316 369 316
368 317 369 317
368 318 369 318
368 319 369 319
368 320 369 320
369 314 370 314
369 315 370 315
369 316 370 316
369 317 370 317
369 318 370 318
369 319 370 319
369 320 370 320
369 321 370 321
369 322 370 322
369 323 370 323
369 324 370 324
370 315 371 315
370 316 371 316
370 317 371 317
370 318 371 318
370 319 371 319
370 320 371 320
371 316 372 316
371 317 372 317
371 318 372 318
371 319 372 319
371 320 372 320
371 325 371 326
372 316 373 316
372 317 373 317
372 318 373 318
372 319 373 319
372 320 373 320
372 321 373 321
372 322 373 322
372 323 373 323
372 324 373 324
372 325 372 326
373 316 374 316
373 317 374 317
373 318 374 318
373 319 374 319
373 320 374 320
373 321 373 322
373 322 373 323
373 323 373 324
373 324 373 325
373 325 373 326
373 326 373 327
373 327 373 328
373 330 374 330
373 331 374 331
374 317 375 317
374 318 375 318
374 320 374 321
374 321 374 322
374 322 374 323
374 323 374 324
374 324 374 325
374 325 374 326
374 326 374 327
374 327 374 328
374 328 374 329
374 329 374 330
374 330 374 331
374 331 374 332
375 318 376 318
375 319 375 320
375 320 375 321
375 321 375 322
375 322 375 323
375 323 375 324
375 324 375 325
375 325 375 326
375 326 375 327
375 327 375 328
375 328 375 329
375 329 375 330
375 330 375 331
375 331 375 332
375 332 375 333
375 333 375 334
376 318 377 318
376 319 376 320
376 320 376 321
376 321 376 322
376 322 376 323
376 323 376 324
376 324 376 325
376 325 376 326
376 326 376 327
376 327 376 328
376 328 376 329
376 329 376 330
376 330 376 331
376 331 376 332
376 332 376 333
376 333 376 334
376 334 376 335
377 319 377 320
377 320 377 321
377 321 377 322
377 322 377 323
377 323 377 324
377 324 377 325
377 325 377 326
377 326 377 327
377 327 377 328
377 328 377 329
377 329 377 330
377 330 377 331
377 331 377 332
377 332 377 333
377 333 377 334
377 334 377 335
377 335 377 336
377 336 378 336
378 322 378 323
378 323 378 324
378 324 378 325
378 325 378 326
378 326 378 327
378 327 378 328
378 328 378 329
378 329 378 330
378 330 378 331
378 331 378 332
378 332 378 333
378 333 378 334
378 334 378 335
378 335 378 336
378 336 379 336
378 337 379 337
378 338 379 338
379 323 379 324
379 324 379 325
379 325 379 326
379 326 379 327
379 327 379 328
379 328 379 329
379 329 379 330
379 330 379 331
379 331 379 332
379 332 379 333
379 333 379 334
379 334 379 335
379 335 379 336
379 336 380 336
379 337 380 337
379 338 380 338
380 326 380 327
380 327 380 328
380 328 380 329
380 329 380 330
380 330 380 331
380 331 380 332
380 332 380 333
380 333 380 334
380 334 380 335
380 335 380 336
380 336 381 336
380 337 381 337
380 338 381 338
380 339 381 339
380 340 381 340
381 329 381 330
381 330 381 331
381 331 381 332
381 332 381 333
381 333 381 334
381 334 381 335
381 335 381 336
381 336 382 336
381 337 382 337
381 338 382 338
381 339 382 339
381 340 382 340
382 330 382 331
382 331 382 332
382 332 382 333
382 333 382 334
382 334 382 335
382 335 382 336
382 336 383 336
382 337 383 337
382 338 383 338
382 339 383 339
382 340 383 340
382 341 383 341
383 334 384 334
383 335 384 335
383 336 384 336
383 337 384 337
383 338 384 338
383 339 384 339
383 340 384 340
383 341 384 341
384 334 385 334
384 335 385 335
384 336 385 336
384 337 385 337
384 338 385 338
384 339 385 339
384 340 385 340
384 341 385 341
385 335 386 335
385 336 386 336
385 337 386 337
385 338 386 338
385 339 386 339
385 340 386 340
385 341 386 341
385 342 386 342
386 336 387 336
386 337 387 337
386 338 387 338
386 339 387 339
386 340 387 340
386 341 387 341
386 342 387 342
387 336 388 336
387 337 388 337
387 338 388 338
387 339 388 339
387 340 388 340
387 341 388 341
387 342 388 342
387 343 388 343
388 336 389 336
388 337 389 337
388 338 389 338
388 339 389 339
388 340 389 340
388 341 389 341
388 342 389 342
388 343 389 343
389 336 390 336
389 337 390 337
389 338 390 338
389 339 390 339
389 340 390 340
389 341 390 341
389 342 390 342
389 343 390 343
390 336 391 336
390 337 391 337
390 338 391 338
390 339 391 339
390 340 391 340
390 341 391 341
390 342 391 342
390 343 391 343
391 336 392 336
391 337 392 337
391 338 392 338
391 339 392 339
391 340 392 340
391 341 392 341
391 342 392 342
391 343 392 343
392 336 393 336
392 337 393 337
392 338 393 338
392 339 393 339
392 340 393 340
392 341 393 341
392 342 393 342
392 343 393 343
393 336 394 336
393 337 394 337
393 338 394 338
393 339 394 339
393 340 394 340
393 341 394 341
393 342 394 342
393 343 394 343
394 336 395 336
394 337 395 337
394 338 395 338
394 339 395 339
394 340 395 340
394 341 395 341
394 342 395 342
394 343 395 343
395 335 396 335
395 336 396 336
395 337 396 337
395 338 396 338
395 339 396 339
395 340 396 340
395 341 396 341
395 342 396 342
396 335 397 335
396 336 397 336
396 337 397 337
396 338 397 338
396 339 397 339
396 340 397 340
396 341 397 341
396 342 397 342
397 334 398 334
397 335 398 335
397 336 398 336
397 337 398 337
397 338 398 338
397 339 398 339
397 340 398 340
397 341 398 341
397 342 398 342
398 334 399 334
398 335 399 335
398 336 399 336
398 337 399 337
398 338 399 338
398 339 399 339
398 340 399 340
398 341 399 341
399 333 400 333
399 334 400 334
399 335 400 335
399 336 400 336
399 337 400 337
399 338 400 338
399 339 400 339
399 340 400 340
400 333 401 333
400 334 401 334
400 335 401 335
400 336 401 336
400 337 401 337
400 338 401 338
400 339 401 339
400 340 401 340
401 333 402 333
401 334 402 334
401 335 402 335
401 336 402 336
401 337 402 337
401 338 402 338
401 339 402 339
402 331 403 331
402 332 403 332
402 333 403 333
402 334 403 334
402 335 403 335
402 336 403 336
402 337 403 337
402 338 403 338
402 339 403 339
403 331 404 331
403 332 404 332
403 333 404 333
403 334 404 334
403 335 404 335
403 336 404 336
403 337 404 337
403 338 404 338
404 331 405 331
404 332 405 332
404 333 405 333
404 334 405 334
404 335 405 335
404 336 405 336
404 337 405 337
404 338 405 338
405 330 406 330
405 331 406 331
405 332 406 332
405 333 406 333
405 334 406 334
405 335 406 335
405 336 406 336
406 327 406 328
406 328 406 329
406 329 407 329
406 330 407 330
406 331 407 331
406 332 407 332
406 333 407 333
406 334 407 334
406 335 407 335
407 326 408 326
407 329 408 329
407 330 408 330
407 331 408 331
407 332 408 332
407 333 408 333
407 334 408 334
408 326 409 326
408 328 409 328
408 329 409 329
408 330 409 330
408 331 409 331
408 332 409 332
408 333 409 333
409 326 410 326
409 327 410 327
409 328 410 328
409 329 410 329
409 330 410 330
409 331 410 331
409 332 410 332
410 325 411 325
410 326 411 326
410 327 411 327
410 328 411 328
410 329 411 329
410 330 411 330
410 331 411 331
410 332 411 332
411 325 412 325
411 326 412 326
411 327 412 327
411 328 412 328
411 329 412 329
411 330 412 330
411 331 412 331
411 332 412 332
412 324 413 324
412 325 413 325
412 326 413 326
412 327 413 327
412 328 413 328
412 329 413 329
412 330 413 330
412 331 413 331
413 324 414 324
413 325 414 325
413 326 414 326
413 327 414 327
413 328 414 328
413 329 414 329
413 330 414 330
414 323 415 323
414 324 415 324
414 325 415 325
414 326 415 326
414 327 415 327
414 328 415 328
414 329 415 329
414 330 415 330
415 323 416 323
415 324 416 324
415 325 416 325
415 326 416 326
415 327 416 327
415 328 416 328
415 329 416 329
415 330 416 330
416 323 417 323
416 324 417 324
416 325 417 325
416 326 417 326
416 327 417 327
416 328 417 328
416 329 417 329
417 323 418 323
417 324 418 324
417 325 418 325
417 326 418 326
417 327 418 327
417 328 418 328
417 329 418 329
418 323 419 323
418 324 419 324
418 325 419 325
418 326 419 326
418 327 419 327
418 328 419 328
418 329 419 329
419 323 420 323
419 324 420 324
419 325 420 325
419 326 420 326
419 327 420 327
419 328 420 328
420 323 421 323
420 324 421 324
420 325 421 325
420 326 421 326
420 327 421 327
421 323 422 323
421 324 422 324
421 325 422 325
421 326 422 326
421 327 422 327
422 323 423 323
422 324 423 324
422 326 423 326
422 327 423 327
423 323 424 323
423 324 424 324
423 326 424 326
423 327 424 327
424 323 425 323
424 324 425 324
424 325 425 325
424 326 425 326
424 327 425 327
424 328 424 329
425 323 426 323
425 324 426 324
425 325 426 325
425 326 426 326
425 327 426 327
425 328 425 329
426 323 427 323
426 324 427 324
426 325 427 325
426 326 427 326
426 327 427 327
427 323 428 323
427 324 428 324
427 325 428 325
427 326 428 326
427 327 428 327
428 323 429 323
428 324 429 324
428 325 429 325
428 326 429 326
428 327 429 327
429 323 430 323
429 324 430 324
429 325 430 325
429 326 430 326
429 327 430 327
430 323 431 323
430 324 431 324
430 325 431 325
430 326 431 326
430 327 431 327
431 323 432 323
431 324 432 324
431 325 432 325
431 326 432 326
431 327 432 327
432 323 433 323
432 324 433 324
432 325 433 325
432 326 433 326
432 327 433 327
433 323 434 323
433 324 434 324
433 325 434 325
433 326 434 326
433 327 434 327
434 323 435 323
434 324 435 324
434 325 435 325
434 326 435 326
434 327 435 327
435 323 436 323
435 324 436 324
435 325 436 325
435 326 436 326
435 327 436 327
436 323 437 323
436 324 437 324
436 325 437 325
436 326 437 326
436 327 437 327
437 323 438 323
437 324 438 324
437 325 438 325
437 326 438 326
437 327 438 327
438 324 439 324
438 325 439 325
438 326 439 326
438 327 439 327
438 328 439 328
439 324 440 324
439 325 440 325
439 326 440 326
439 327 440 327
439 328 440 328
440 324 441 324
440 325 441 325
440 326 441 326
440 327 441 327
440 328 441 328
441 324 442 324
441 325 442 325
441 326 442 326
441 327 442 327
441 328 442 328
442 324 443 324
442 325 443 325
442 326 443 326
442 327 443 327
442 328 443 328
443 324 444 324
443 325 444 325
443 326 444 326
443 327 444 327
443 328 444 328
444 324 445 324
444 325 445 325
444 326 445 326
444 327 445 327
444 328 445 328
445 325 446 325
445 326 446 326
445 327 446 327
445 328 446 328
446 325 447 325
446 326 447 326
446 327 447 327
446 328 447 328
446 329 447 329
447 325 448 325
447 326 448 326
447 327 448 327
447 328 448 328
447 329 448 329
448 326 449 326
448 327 449 327
448 328 449 328
448 329 449 329
448 330 449 330
449 326 450 326
449 327 450 327
449 328 450 328
449 329 450 329
449 330 450 330
450 326 451 326
450 327 451 327
450 328 451 328
450 329 451 329
450 330 451 330
451 326 452 326
451 327 452 327
451 328 452 328
451 329 452 329
451 330 452 330
452 327 453 327
452 328 453 328
452 329 453 329
452 330 453 330
453 327 454 327
453 328 454 328
453 329 454 329
453 330 454 330
454 327 455 327
454 328 455 328
454 329 455 329
455 327 456 327
455 328 456 328
455 331 456 331
456 327 457 327
456 328 457 328
456 330 457 330
456 331 457 331
457 327 458 327
457 328 458 328
457 329 458 329
457 330 458 330
458 327 459 327
458 328 459 328
458 329 459 329
458 330 459 330
459 327 460 327
459 328 460 328
459 329 460 329
459 330 460 330
460 326 461 326
460 327 461 327
460 328 461 328
460 329 461 329
460 330 461 330
461 326 462 326
461 327 462 327
461 328 462 328
461 329 462 329
461 330 462 330
462 326 463 326
462 327 463 327
462 328 463 328
462 329 463 329
462 330 463 330
463 326 464 326
463 327 464 327
463 328 464 328
463 329 464 329
463 330 464 330
464 326 465 326
464 327 465 327
464 328 465 328
464 329 465 329
464 330 465 330
465 326 466 326
465 327 466 327
465 328 466 328
465 329 466 329
465 330 466 330
466 326 467 326
466 327 467 327
466 328 467 328
466 329 467 329
466 330 467 330
467 326 468 326
467 327 468 327
467 328 468 328
467 329 468 329
467 330 468 330
468 327 469 327
468 328 469 328
468 329 469 329
468 330 469 330
469 328 470 328
469 329 470 329
469 330 470 330
470 328 471 328
470 329 471 329
470 330 471 330
470 332 471 332
470 333 471 333
471 328 472 328
471 329 472 329
471 330 472 330
471 331 471 332
471 333 472 333
472 329 473 329
472 330 473 330
472 331 472 332
472 332 472 333
472 333 472 334
472 334 472 335
473 330 474 330
473 331 473 332
473 332 473 333
473 333 473 334
473 334 473 335
473 335 473 336
474 331 474 332
474 333 475 333
475 331 475 332
475 332 475 333
475 333 475 334
475 334 475 335
475 335 475 336
475 336 475 337
475 337 476 337
475 338 476 338
476 334 476 335
476 335 476 336
476 336 476 337
476 337 477 337
476 338 477 338
476 339 477 339
477 334 477 335
477 335 477 336
477 336 477 337
477 337 478 337
477 338 478 338
477 339 478 339
477 340 478 340
477 341 478 341
478 337 479 337
478 338 479 338
478 339 479 339
478 340 479 340
478 341 479 341
479 337 480 337
479 338 480 338
479 339 480 339
479 340 480 340
479 341 480 341
480 337 481 337
480 338 481 338
480 339 481 339
480 340 481 340
480 341 481 341
481 337 482 337
481 338 482 338
481 339 482 339
481 340 482 340
481 341 482 341
482 337 483 337
482 338 483 338
482 339 483 339
482 340 483 340
482 341 483 341
483 337 484 337
483 338 484 338
483 339 484 339
483 340 484 340
483 341 484 341
484 337 485 337
484 338 485 338
484 339 485 339
484 340 485 340
484 341 485 341
485 337 486 337
485 338 486 338
485 339 486 339
485 340 486 340
485 341 486 341
486 337 487 337
486 338 487 338
486 339 487 339
486 340 487 340
486 341 487 341
487 337 488 337
487 338 488 338
487 339 488 339
487 340 488 340
487 341 488 341
488 337 489 337
488 338 489 338
488 339 489 339
488 340 489 340
488 341 489 341
489 337 490 337
489 338 490 338
489 339 490 339
489 340 490 340
489 341 490 341
490 336 490 337
490 337 491 337
490 338 491 338
490 339 491 339
490 340 491 340
490 341 491 341
491 336 491 337
491 337 492 337
491 338 492 338
491 339 492 339
491 340 492 340
491 341 492 341
492 336 492 337
492 337 493 337
492 338 493 338
492 339 493 339
492 340 493 340
492 341 493 341
493 336 493 337
493 337 494 337
493 338 494 338
493 339 494 339
493 340 494 340
493 341 494 341
494 336 494 337
494 337 495 337
494 338 495 338
494 339 495 339
494 340 495 340
494 341 495 341
495 337 496 337
495 338 496 338
495 339 496 339
495 340 496 340
495 341 496 341
496 337 497 337
496 338 497 338
496 339 497 339
496 340 497 340
496 341 497 341
496 342 497 342
496 343 497 343
497 338 498 338
497 339 498 339
497 340 498 340
497 341 498 341
497 342 498 342
497 343 498 343
498 338 499 338
498 339 499 339
498 340 499 340
498 341 499 341
498 342 499 342
498 343 499 343
499 338 500 338
499 339 500 339
499 340 500 340
499 341 500 341
499 342 500 342
499 343 500 343
500 338 501 338
500 339 501 339
500 340 501 340
500 341 501 341
500 342 501 342
500 343 501 343
501 338 502 338
501 339 502 339
501 340 502 340
501 341 502 341
501 342 502 342
501 343 502 343
502 339 503 339
502 340 503 340
502 341 503 341
502 342 503 342
502 343 503 343
503 340 504 340
503 341 504 341
503 342 504 342
503 343 504 343
503 344 504 344
504 340 505 340
504 341 505 341
504 342 505 342
504 343 505 343
504 344 505 344
505 340 506 340
505 341 506 341
505 342 506 342
505 343 506 343
505 344 506 344
506 339 506 340
506 340 507 340
506 341 507 341
506 342 507 342
506 343 507 343
506 344 507 344
507 341 508 341
507 342 508 342
507 343 508 343
507 344 508 344
507 345 508 345
508 341 509 341
508 342 509 342
508 343 509 343
508 344 509 344
508 345 508 346
508 346 508 347
508 347 508 348
509 342 510 342
509 343 510 343
509 345 509 346
509 346 509 347
509 347 509 348
509 348 509 349
510 345 510 346
510 346 510 347
510 347 510 348
510 348 510 349
510 349 510 350
511 345 511 346
511 346 511 347
511 347 511 348
511 348 511 349
511 349 511 350
511 350 511 351
512 345 512 346
512 346 512 347
512 347 512 348
512 348 512 349
512 349 512 350
512 350 512 351
512 351 512 352
512 352 512 353
512 353 512 354
512 354 512 355
513 346 513 347
513 347 513 348
513 348 513 349
513 349 513 350
513 350 513 351
513 351 513 352
513 352 513 353
513 353 513 354
513 354 513 355
514 349 515 349
514 350 515 350
514 351 515 351
514 353 514 354
514 354 515 354
514 355 515 355
514 356 515 356
515 354 516 354
515 355 516 355
515 356 516 356
516 354 516 355
516 356 516 357
516 357 516 358
516 358 516 359
516 359 516 360
516 360 516 361
516 363 517 363
516 364 517 364
517 353 517 354
517 354 517 355
517 355 517 356
517 356 517 357
517 357 517 358
517 358 517 359
517 359 517 360
517 360 517 361
517 361 517 362
517 362 517 363
517 363 517 364
517 364 517 365
517 365 517 366
517 366 517 367
518 354 518 355
518 355 518 356
518 356 518 357
518 357 518 358
518 358 518 359
518 359 518 360
518 360 518 361
518 361 518 362
518 362 518 363
518 363 518 364
518 364 518 365
518 365 518 366
518 366 518 367
518 367 518 368
518 368 518 369
519 355 519 356
519 356 519 357
519 357 519 358
519 358 519 359
519 359 519 360
519 360 519 361
519 361 519 362
519 362 519 363
519 363 519 364
519 364 519 365
519 365 519 366
519 366 519 367
519 367 519 368
519 368 519 369
519 369 519 370
519 370 519 371
519 371 519 372
519 372 519 373
519 373 519 374
519 374 519 375
519 375 519 376
520 359 520 360
520 360 520 361
520 361 520 362
520 362 520 363
520 363 520 364
520 364 520 365
520 365 520 366
520 366 520 367
520 367 520 368
520 368 520 369
520 369 520 370
520 370 520 371
520 371 520 372
520 372 520 373
520 373 520 374
520 374 520 375
520 375 520 376
520 376 520 377
520 377 520 378
520 378 520 379
521 365 521 366
521 366 521 367
521 367 521 368
521 368 521 369
521 369 521 370
521 370 521 371
521 371 521 372
521 372 521 373
521 373 521 374
521 374 521 375
521 375 521 376
521 376 521 377
521 377 521 378
521 378 521 379
521 379 521 380
521 380 521 381
521 381 521 382
521 382 521 383
521 383 521 384
521 384 521 385
522 367 522 368
522 368 522 369
522 369 522 370
522 370 522 371
522 371 522 372
522 372 522 373
522 373 522 374
522 374 522 375
522 375 522 376
522 376 522 377
522 377 522 378
522 378 522 379
522 379 522 380
522 380 522 381
522 381 522 382
522 382 522 383
522 383 522 384
522 384 522 385
522 385 522 386
522 386 522 387
522 387 522 388
522 388 522 389
522 389 522 390
522 390 522 391
522 391 522 392
522 392 522 393
522 393 522 394
522 394 522 395
523 370 523 371
523 371 523 372
523 372 523 373
523 373 523 374
523 374 523 375
523 375 523 376
523 376 523 377
523 377 523 378
523 378 523 379
523 379 523 380
523 380 523 381
523 381 523 382
523 382 523 383
523 383 523 384
523 384 523 385
523 385 523 386
523 386 523 387
523 387 523 388
523 388 523 389
523 389 523 390
523 390 523 391
523 391 523 392
523 392 523 393
523 393 523 394
523 394 523 395
523 395 523 396
523 396 523 397
524 376 524 377
524 377 524 378
524 378 524 379
524 379 524 380
524 380 524 381
524 381 524 382
524 382 524 383
524 383 524 384
524 384 524 385
524 385 524 386
524 386 524 387
524 387 524 388
524 388 524 389
524 389 524 390
524 390 524 391
524 391 524 392
524 392 524 393
524 393 524 394
524 394 524 395
524 395 524 396
524 396 524 397
524 397 524 398
524 398 524 399
524 399 524 400
525 380 525 381
525 381 525 382
525 382 525 383
525 383 525 384
525 384 525 385
525 385 525 386
525 386 525 387
525 387 525 388
525 388 525 389
525 389 525 390
525 390 525 391
525 391 525 392
525 392 525 393
525 393 525 394
525 394 525 395
525 395 525 396
525 396 525 397
525 397 525 398
525 398 525 399
525 399 525 400
525 400 525 401
526 384 526 385
526 385 526 386
526 386 526 387
526 387 526 388
526 388 526 389
526 389 526 390
526 390 526 391
526 391 526 392
526 392 526 393
526 393 526 394
526 394 526 395
526 395 526 396
526 396 526 397
526 397 526 398
526 398 526 399
526 399 526 400
526 400 526 401
526 401 526 402
527 389 527 390
527 390 527 391
527 391 527 392
527 392 527 393
527 393 527 394
527 394 527 395
527 395 527 396
527 396 527 397
527 397 527 398
527 398 527 399
527 399 527 400
527 400 527 401
527 401 527 402
527 402 527 403
527 403 527 404
527 404 528 404
528 393 528 394
528 394 528 395
528 395 528 396
528 396 528 397
528 397 528 398
528 398 528 399
528 399 528 400
528 400 528 401
528 401 528 402
528 402 528 403
528 403 528 404
528 404 529 404
528 405 529 405
529 398 529 399
529 399 529 400
529 400 529 401
529 402 530 402
529 403 530 403
529 404 530 404
529 405 530 405
530 401 531 401
530 402 531 402
530 403 531 403
530 404 531 404
530 405 531 405
530 406 531 406
531 401 532 401
531 402 532 402
531 403 532 403
531 404 532 404
531 405 532 405
531 406 532 406
532 402 533 402
532 403 533 403
532 404 533 404
532 405 533 405
532 406 533 406
533 402 534 402
533 403 534 403
533 404 534 404
533 405 534 405
533 406 534 406
533 407 534 407
534 402 535 402
534 403 535 403
534 404 535 404
534 405 535 405
534 406 535 406
534 407 535 407
534 408 535 408
535 402 536 402
535 403 536 403
535 404 536 404
535 405 536 405
535 406 536 406
535 407 536 407
535 408 536 408
536 403 537 403
536 404 537 404
536 405 537 405
536 406 537 406
536 407 537 407
536 408 537 408
537 403 538 403
537 404 538 404
537 405 538 405
537 406 538 406
537 407 538 407
537 408 538 408
538 404 539 404
538 405 539 405
538 406 539 406
538 407 539 407
538 408 539 408
538 409 539 409
539 404 540 404
539 405 540 405
539 406 540 406
539 407 540 407
539 408 540 408
539 409 540 409
540 404 541 404
540 405 541 405
540 406 541 406
540 407 541 407
540 408 541 408
540 409 541 409
541 404 542 404
541 405 542 405
541 406 542 406
541 407 542 407
541 408 542 408
541 409 542 409
542 404 543 404
542 405 543 405
542 406 543 406
542 407 543 407
542 408 543 408
542 409 543 409
543 405 544 405
543 406 544 406
543 407 544 407
543 408 544 408
543 409 544 409
544 406 545 406
544 407 545 407
544 408 545 408
544 409 545 409
544 410 545 410
545 406 546 406
545 407 546 407
545 408 546 408
545 409 546 409
545 411 545 412
545 412 546 412
546 407 547 407
546 408 547 408
546 409 547 409
546 410 546 411
546 411 546 412
546 412 547 412
546 413 547 413
547 409 548 409
547 410 547 411
547 411 547 412
547 412 548 412
547 413 548 413
547 414 548 414
548 411 548 412
548 412 549 412
548 413 549 413
548 414 549 414
549 412 550 412
549 413 550 413
549 414 550 414
549 415 550 415
550 412 551 412
550 413 551 413
550 414 551 414
550 415 551 415
551 412 552 412
551 413 552 413
551 414 552 414
551 415 552 415
552 411 553 411
552 412 553 412
552 413 553 413
552 414 553 414
552 415 553 415
553 411 554 411
553 412 554 412
553 413 554 413
553 414 554 414
553 415 554 415
554 411 555 411
554 412 555 412
554 413 555 413
554 414 555 414
555 410 555 411
555 411 556 411
555 412 556 412
555 413 556 413
555 414 556 414
556 411 557 411
556 412 557 412
556 413 557 413
557 410 557 411
557 411 558 411
557 412 558 412
558 410 558 411
558 411 559 411
558 412 559 412
559 411 560 411
559 412 560 412
560 409 560 410
560 411 561 411
561 410 562 410
561 411 562 411
562 410 563 410
562 411 563 411
563 410 563 411
563 411 564 411
563 412 563 413
563 413 563 414
563 414 563 415
564 412 564 413
564 413 564 414
565 412 565 413
565 413 565 414
565 414 565 415
565 415 565 416
565 416 565 417
566 413 566 414
566 414 566 415
566 415 566 416
566 416 566 417
566 417 566 418
567 414 567 415
567 415 567 416
567 416 567 417
567 417 567 418
567 418 567 419
567 419 567 420
568 416 568 417
568 417 568 418
568 418 568 419
568 419 568 420
568 420 568 421
568 421 568 422
568 422 568 423
569 417 569 418
569 418 569 419
569 419 569 420
569 420 569 421
569 421 569 422
569 422 569 423
569 423 569 424
570 419 570 420
570 420 570 421
570 421 570 422
571 421 571 422
571 422 572 422
571 423 572 423
571 424 572 424
571 425 572 425
571 426 572 426
572 421 572 422
573 427 573 428
574 422 574 423
574 423 574 424
574 424 574 425
574 425 574 426
574 426 574 427
574 427 574 428
574 428 574 429
574 429 574 430
574 430 574 431
574 431 574 432
575 424 575 425
575 425 575 426
575 426 575 427
575 427 575 428
575 428 575 429
575 429 575 430
575 430 575 431
575 431 575 432
575 432 575 433
576 425 576 426
576 426 576 427
576 427 576 428
576 428 576 429
576 429 576 430
576 430 576 431
576 431 576 432
576 432 576 433
576 433 576 434
577 426 577 427
577 427 577 428
577 428 577 429
577 429 577 430
577 430 577 431
577 431 577 432
577 432 577 433
577 433 577 434
577 434 577 435
578 429 578 430
578 430 578 431
578 431 578 432
578 432 578 433
578 433 578 434
578 434 578 435
578 435 578 436
578 436 578 437
579 431 579 432
579 432 579 433
579 433 579 434
579 434 579 435
579 435 579 436
579 436 579 437
579 437 579 438
579 438 579 439
580 433 580 434
580 434 580 435
580 435 580 436
580 436 580 437
580 437 580 438
580 438 580 439
580 439 580 440
581 435 581 436
581 436 581 437
581 437 581 438
581 438 581 439
581 439 581 440
581 440 581 441
582 436 582 437
582 437 582 438
582 438 582 439
582 439 582 440
582 440 582 441
582 441 582 442
583 437 583 438
583 438 583 439
583 439 583 440
583 440 583 441
583 441 583 442
583 442 583 443
583 443 583 444
584 438 584 439
584 439 584 440
584 440 584 441
584 441 584 442
584 442 584 443
584 443 584 444
585 444 586 444
585 445 586 445
586 444 587 444
586 445 587 445
586 446 587 446
587 444 588 444
587 445 588 445
587 446 588 446
587 447 588 447
588 444 589 444
588 445 589 445
588 446 589 446
588 447 589 447
588 448 589 448
589 444 590 444
589 445 590 445
589 446 590 446
589 447 590 447
589 448 590 448
590 444 590 445
590 445 590 446
590 446 590 447
590 447 590 448
590 448 591 448
590 449 591 449
590 450 591 450
590 451 591 451
590 452 591 452
591 446 591 447
591 447 591 448
591 448 592 448
591 449 592 449
591 450 592 450
591 451 592 451
591 452 592 452
592 448 593 448
592 449 593 449
592 450 593 450
592 451 593 451
592 452 593 452
593 448 594 448
593 449 594 449
593 450 594 450
593 451 594 451
593 452 594 452
594 448 595 448
594 449 595 449
594 450 595 450
594 451 595 451
594 452 595 452
595 448 596 448
595 449 596 449
595 450 596 450
595 451 596 451
595 452 596 452
596 448 597 448
596 449 597 449
596 450 597 450
596 451 597 451
596 452 597 452
597 448 598 448
597 449 598 449
597 450 598 450
597 451 598 451
597 452 598 452
598 448 599 448
598 449 599 449
598 450 599 450
598 451 599 451
598 452 599 452
599 448 600 448
599 449 600 449
599 450 600 450
599 451 600 451
599 452 600 452
600 448 601 448
600 449 601 449
600 450 601 450
600 451 601 451
600 452 601 452
601 448 602 448
601 449 602 449
601 450 602 450
601 451 602 451
601 452 602 452
602 448 603 448
602 449 603 449
602 450 603 450
602 451 603 451
602 452 603 452
603 448 604 448
603 449 604 449
603 450 604 450
603 451 604 451
603 452 604 452
604 448 605 448
604 449 605 449
604 450 605 450
604 451 605 451
604 452 605 452
605 448 606 448
605 449 606 449
605 450 606 450
605 451 606 451
605 452 606 452
606 448 607 448
606 449 607 449
606 450 607 450
606 451 607 451
606 452 607 452
607 449 608 449
607 450 608 450
607 451 608 451
607 452 608 452
608 449 609 449
608 450 609 450
608 451 609 451
608 452 609 452
609 449 610 449
609 450 610 450
609 451 610 451
610 450 611 450
610 451 611 451
611 450 612 450
611 451 612 451
612 451 613 451
612 452 613 452
613 451 614 451
613 452 614 452
613 453 614 453
614 452 615 452
614 453 615 453
616 456 617 456
617 454 618 454
617 455 618 455
617 456 618 456
618 456 619 456
618 457 619 457
619 456 620 456
619 457 620 457
619 458 620 458
620 456 621 456
620 457 620 458
620 458 620 459
620 459 620 460
620 460 620 461
621 456 621 457
621 457 621 458
621 458 621 459
621 459 621 460
621 460 621 461
621 461 621 462
621 462 621 463
621 463 621 464
621 464 621 465
622 456 622 457
622 457 622 458
622 458 622 459
622 459 622 460
622 460 622 461
622 461 622 462
622 462 622 463
622 463 622 464
622 464 622 465
622 465 622 466
623 463 623 464
623 464 623 465
623 465 623 466
623 466 623 467
624 463 624 464
624 464 624 465
624 465 624 466
624 466 624 467
624 467 624 468
624 468 624 469
624 469 624 470
624 470 624 471
625 467 625 468
625 468 625 469
625 469 625 470
625 470 625 471
625 471 625 472
625 472 625 473
626 470 626 471
626 471 626 472
626 472 626 473
626 473 626 474
626 474 626 475
626 475 626 476
627 470 627 471
627 471 627 472
627 472 627 473
627 473 627 474
627 474 627 475
627 475 627 476
627 476 627 477
627 477 627 478
627 478 627 479
627 479 627 480
627 480 627 481
628 474 628 475
628 475 628 476
628 476 628 477
628 477 628 478
628 478 628 479
628 479 628 480
628 480 628 481
629 476 629 477
629 477 629 478
629 478 629 479
629 479 629 480
629 480 629 481
629 482 629 483
630 477 630 478
630 478 630 479
630 479 630 480
630 480 630 481
630 482 630 483
630 483 630 484
631 475 631 476
631 476 631 477
631 477 632 477
631 478 632 478
631 479 632 479
631 482 631 483
631 483 631 484
631 484 631 485
631 485 631 486
631 487 632 487
631 488 632 488
632 475 632 476
632 476 632 477
632 477 632 478
632 478 632 479
632 479 632 480
632 480 632 481
632 481 632 482
632 482 632 483
632 483 632 484
632 484 632 485
632 485 632 486
632 486 632 487
632 487 632 488
632 488 633 488
633 475 633 476
633 476 633 477
633 477 633 478
633 478 633 479
633 479 633 480
633 480 633 481
633 481 633 482
633 482 633 483
633 483 633 484
633 484 633 485
633 485 633 486
633 486 633 487
633 487 633 488
633 488 634 488
633 489 633 490
634 481 634 482
634 482 634 483
634 483 634 484
634 484 634 485
634 485 634 486
634 486 634 487
634 487 634 488
634 488 635 488
634 489 634 490
634 490 634 491
634 491 635 491
634 492 635 492
635 483 635 484
635 484 635 485
635 485 635 486
635 486 635 487
635 487 636 487
635 488 636 488
635 489 635 490
635 490 635 491
635 491 636 491
635 492 636 492
636 484 636 485
636 485 636 486
636 486 636 487
636 487 637 487
636 488 637 488
636 489 636 490
636 490 636 491
636 491 637 491
636 492 637 492
637 485 637 486
637 486 637 487
637 487 638 487
637 488 638 488
637 489 637 490
637 490 637 491
637 491 638 491
637 492 638 492
637 493 638 493
638 487 639 487
638 488 639 488
638 489 638 490
638 490 638 491
638 491 639 491
638 492 639 492
638 493 639 493
639 487 640 487
639 488 640 488
639 491 640 491
639 492 640 492
639 493 640 493
640 487 641 487
640 488 641 488
640 490 641 490
640 491 641 491
640 492 641 492
640 493 641 493
641 488 642 488
641 490 642 490
641 491 642 491
641 492 642 492
641 493 642 493
642 488 643 488
642 489 643 489
642 490 643 490
642 491 643 491
642 492 643 492
642 493 643 493
643 488 644 488
643 489 644 489
643 490 644 490
643 491 644 491
643 492 644 492
643 493 644 493
644 488 645 488
644 489 645 489
644 490 645 490
644 491 645 491
644 492 645 492
644 493 645 493
645 488 646 488
645 489 646 489
645 490 646 490
645 491 646 491
645 492 646 492
645 493 646 493
645 494 646 494
646 488 647 488
646 490 647 490
646 491 647 491
646 492 647 492
646 493 647 493
646 494 647 494
646 495 647 495
647 488 648 488
647 489 647 490
647 490 647 491
647 491 648 491
647 492 648 492
647 493 648 493
647 494 648 494
647 495 648 495
647 496 648 496
647 497 648 497
647 498 648 498
648 489 648 490
648 490 648 491
648 491 649 491
648 492 649 492
648 493 649 493
648 494 649 494
648 495 649 495
648 496 649 496
648 497 649 497
648 498 649 498
649 489 649 490
649 490 649 491
649 491 650 491
649 492 650 492
649 493 650 493
649 494 650 494
649 495 650 495
649 496 650 496
649 497 650 497
649 498 650 498
650 492 651 492
650 493 651 493
650 494 651 494
650 495 651 495
650 496 651 496
650 497 651 497
650 498 651 498
651 492 652 492
651 493 652 493
651 494 652 494
651 495 652 495
651 496 652 496
651 497 652 497
651 498 652 498
651 499 652 499
652 492 653 492
652 493 653 493
652 494 653 494
652 495 653 495
652 496 653 496
652 497 653 497
652 498 653 498
652 499 653 499
652 500 653 500
653 491 653 492
653 492 654 492
653 493 654 493
653 494 654 494
653 495 654 495
653 496 654 496
653 497 654 497
653 498 654 498
653 499 654 499
653 500 654 500
654 491 654 492
654 492 655 492
654 493 655 493
654 494 655 494
654 495 655 495
654 496 655 496
654 497 655 497
654 498 655 498
654 499 655 499
654 500 655 500
655 491 655 492
655 492 656 492
655 493 656 493
655 494 656 494
655 495 656 495
655 496 656 496
655 497 656 497
655 498 656 498
655 499 656 499
656 492 657 492
656 493 657 493
656 494 657 494
656 495 657 495
656 496 657 496
656 497 657 497
656 498 657 498
656 499 657 499
656 500 657 500
657 493 658 493
657 494 658 494
657 495 658 495
657 496 658 496
657 497 658 497
657 498 658 498
657 499 658 499
657 500 658 500
658 493 659 493
658 494 659 494
658 495 659 495
658 496 659 496
658 497 659 497
658 498 659 498
658 499 659 499
658 500 659 500
659 493 660 493
659 494 660 494
659 495 660 495
659 496 660 496
659 497 660 497
659 498 660 498
659 499 660 499
659 500 660 500
660 493 661 493
660 494 661 494
660 495 661 495
660 496 661 496
660 497 661 497
660 498 661 498
660 499 661 499
660 500 661 500
661 494 662 494
661 495 662 495
661 496 662 496
661 497 662 497
661 498 662 498
661 499 662 499
661 500 662 500
662 494 663 494
662 495 663 495
662 496 663 496
662 497 663 497
662 498 663 498
662 499 663 499
663 494 664 494
663 495 664 495
663 496 664 496
663 497 664 497
663 498 664 498
663 499 664 499
664 494 665 494
664 495 665 495
664 496 665 496
664 497 665 497
664 498 665 498
664 499 665 499
665 494 666 494
665 495 666 495
665 496 666 496
665 497 666 497
665 498 666 498
665 499 666 499
666 494 667 494
666 495 667 495
666 496 667 496
666 497 667 497
666 498 667 498
666 499 667 499
667 493 668 493
667 494 668 494
667 495 668 495
667 496 668 496
667 497 668 497
667 498 668 498
667 499 668 499
668 492 669 492
668 493 669 493
668 494 669 494
668 495 669 495
668 496 669 496
668 497 669 497
668 498 669 498
668 499 669 499
669 492 670 492
669 493 670 493
669 494 670 494
669 495 670 495
669 496 670 496
669 497 670 497
669 498 670 498
669 499 670 499
670 492 671 492
670 493 671 493
670 494 671 494
670 495 671 495
670 496 671 496
670 497 671 497
670 498 671 498
670 499 671 499
670 500 671 500
671 491 672 491
671 492 672 492
671 493 672 493
671 494 672 494
671 495 672 495
671 496 672 496
671 497 672 497
671 498 672 498
671 499 672 499
671 500 672 500
672 491 673 491
672 492 673 492
672 493 673 493
672 494 673 494
672 495 673 495
672 496 673 496
672 497 673 497
672 498 673 498
672 499 673 499
672 500 673 500
673 491 674 491
673 492 674 492
673 493 674 493
673 494 674 494
673 495 674 495
673 496 674 496
673 497 674 497
673 498 674 498
673 499 674 499
673 500 674 500
673 501 674 501
674 491 675 491
674 492 675 492
674 493 675 493
674 494 675 494
674 495 675 495
674 496 675 496
674 497 675 497
674 498 675 498
674 499 675 499
674 500 675 500
674 501 675 501
675 491 676 491
675 492 676 492
675 493 676 493
675 494 676 494
675 495 676 495
675 496 676 496
675 497 676 497
675 498 676 498
675 499 676 499
675 500 676 500
675 501 676 501
676 491 677 491
676 492 677 492
676 493 677 493
676 494 677 494
676 495 677 495
676 496 677 496
676 497 677 497
676 498 677 498
676 499 677 499
676 500 677 500
676 501 677 501
677 491 678 491
677 492 678 492
677 493 678 493
677 494 678 494
677 495 678 495
677 496 678 496
677 497 678 497
677 498 678 498
677 499 678 499
677 500 678 500
677 501 678 501
678 491 679 491
678 492 679 492
678 493 679 493
678 494 679 494
678 495 679 495
678 496 679 496
678 497 679 497
678 498 679 498
678 499 679 499
678 500 679 500
678 501 679 501
679 491 680 491
679 492 680 492
679 493 680 493
679 494 680 494
679 495 680 495
679 496 680 496
679 497 680 497
679 498 680 498
679 499 680 499
679 500 680 500
679 501 680 501
680 491 681 491
680 492 681 492
680 493 681 493
680 494 681 494
680 495 681 495
680 496 681 496
680 497 681 497
680 498 681 498
680 499 681 499
680 500 681 500
680 501 681 501
681 491 682 491
681 492 682 492
681 493 682 493
681 494 682 494
681 495 682 495
681 496 682 496
681 497 682 497
681 498 682 498
681 499 682 499
681 500 682 500
681 501 682 501
682 491 683 491
682 492 683 492
682 493 683 493
682 494 683 494
682 495 683 495
682 496 683 496
682 497 683 497
682 498 683 498
682 499 683 499
682 500 683 500
682 501 683 501
683 491 684 491
683 492 684 492
683 493 684 493
683 494 684 494
683 495 684 495
683 496 684 496
683 497 684 497
683 498 684 498
683 499 684 499
683 500 684 500
683 501 684 501
684 491 685 491
684 492 685 492
684 493 685 493
684 494 685 494
684 495 685 495
684 496 685 496
684 497 685 497
684 498 685 498
684 499 685 499
684 500 685 500
684 501 685 501
685 491 686 491
685 492 686 492
685 493 686 493
685 494 686 494
685 495 686 495
685 496 686 496
685 497 686 497
685 498 686 498
685 499 686 499
685 500 686 500
686 492 687 492
686 493 687 493
686 494 687 494
686 495 687 495
686 496 687 496
686 497 687 497
686 498 687 498
686 499 687 499
687 493 688 493
687 494 688 494
687 495 688 495
687 496 688 496
687 497 688 497
687 498 688 498
688 493 689 493
688 494 689 494
688 495 689 495
688 496 689 496
688 497 689 497
688 498 689 498
689 493 690 493
689 494 690 494
689 495 690 495
689 496 690 496
689 497 690 497
690 493 691 493
690 494 691 494
690 495 691 495
690 496 691 496
690 497 691 497
691 493 692 493
691 494 692 494
691 496 692 496
691 497 692 497
692 493 693 493
692 494 693 494
692 497 693 497
693 493 694 493
693 497 694 497
693 498 694 498
694 492 695 492
694 493 695 493
694 498 695 498
695 491 696 491
695 492 696 492
695 493 696 493
696 492 697 492
696 493 697 493
697 492 698 492
