513 382
511 381
512 389
513 384
518 389
512 378
503 374
518 389
516 376
518 378
510 377
516 375
515 377
505 374
513 380
513 382
515 377
513 382
507 374
512 378
513 384
509 373
515 389
515 383
509 374
521 398
509 373
509 378
510 377
509 374
510 377
503 374
503 374
518 378
509 373
518 389
513 380
515 383
518 389
510 377
515 376
542 403
505 374
515 383
515 387
505 374
518 389
516 384
509 373
515 383
507 374
500 374
507 375
516 375
513 380
505 374
515 383
521 384
512 379
509 374
509 374
507 375
510 377
503 374
516 375
506 374
510 377
509 373
515 383
507 374
515 387
516 375
507 374
513 382
507 375
511 381
512 379
505 374
510 377
518 389
546 406
509 373
512 378
515 387
505 374
515 376
518 389
507 374
515 389
509 374
513 367
518 389
516 382
514 389
509 373
509 373
505 374
506 374
511 381
509 374
515 389
511 381
546 406
516 375
507 375
509 373
510 377
509 373
515 377
515 383
511 381
516 382
502 374
510 377
518 389
516 375
510 377
514 389
518 389
515 377
526 388
517 376
515 377
515 383
514 389
516 384
518 389
502 374
515 383
511 381
507 374
515 383
513 384
509 374
520 388
510 377
502 374
509 374
518 389
507 374
507 374
516 376
507 374
518 389
500 374
512 378
515 383
513 382
516 384
515 383
510 377
510 377
502 374
512 379
507 375
510 377
507 375
506 374
520 388
513 384
515 376
518 389
512 378
515 383
502 374
521 398
517 376
505 374
516 384
509 374
510 376
509 374
518 389
516 384
510 377
516 375
515 383
513 380
503 374
512 379
511 381
518 378
503 374
512 388
509 374
516 384
507 374
516 375
507 375
517 376
510 376
517 376
515 377
513 382
515 383
512 378
505 374
507 375
526 389
506 374
518 389
502 374
505 374
515 383
516 376
516 375
503 374
505 374
500 374
513 384
515 376
509 374
511 381
505 374
518 389
516 382
510 377
502 374
515 377
505 374
515 376
509 373
515 383
518 389
521 398
510 376
515 387
515 383
515 389
515 387
511 381
515 376
509 373
518 389
514 389
506 374
513 380
516 382
516 375
513 380
506 374
513 380
507 374
518 389
517 376
511 381
518 389
516 375
510 377
518 378
