0.708333	0.567568
0.708333	0.567568
0.708333	0.567568
0.708333	0.567568
0.708333	0.567568
0.708333	0.567568
0.708333	0.567568
0.708333	0.567568
0.708333	0.567568
0.708333	0.567568
0.708333	0.567568
0.708333	0.567568
0.708333	0.567568
0.708333	0.567568
0.708333	0.567568
0.708333	0.567568
0.708333	0.567568
0.708333	0.567568
0.708333	0.591592
0.708333	0.591592
0.708333	0.591592
0.708333	0.591592
0.708333	0.591592
0.708333	0.591592
0.708333	0.591592
0.708333	0.591592
0.708333	0.591592
0.708333	0.591592
0.708333	0.591592
0.708333	0.591592
0.708333	0.591592
0.708333	0.591592
0.708333	0.591592
0.708333	0.591592
0.708333	0.591592
0.708333	0.591592
0.708333	0.591592
0.708333	0.591592
0.708333	0.591592
0.708333	0.591592
0.709722	0.569069
0.709722	0.569069
0.709722	0.569069
0.709722	0.569069
0.709722	0.569069
0.709722	0.569069
0.709722	0.569069
0.709722	0.569069
0.709722	0.569069
0.709722	0.569069
0.709722	0.569069
0.709722	0.569069
0.709722	0.569069
0.709722	0.569069
0.709722	0.569069
0.709722	0.569069
0.709722	0.569069
0.709722	0.569069
0.709722	0.569069
0.709722	0.569069
0.709722	0.569069
0.711111	0.566066
0.711111	0.566066
0.711111	0.566066
0.711111	0.566066
0.711111	0.566066
0.711111	0.566066
0.711111	0.566066
0.711111	0.566066
0.711111	0.566066
0.711111	0.566066
0.711111	0.566066
0.711111	0.566066
0.711111	0.566066
0.711111	0.566066
0.711111	0.566066
0.711111	0.566066
0.711111	0.566066
0.711111	0.566066
0.711111	0.566066
0.711111	0.566066
0.711111	0.566066
0.711111	0.566066
0.711111	0.566066
0.711111	0.566066
0.711111	0.566066
0.716667	0.569069
0.716667	0.569069
0.716667	0.569069
0.716667	0.569069
0.716667	0.569069
0.716667	0.569069
0.716667	0.569069
0.716667	0.569069
0.716667	0.569069
0.716667	0.569069
0.716667	0.569069
0.716667	0.569069
0.716667	0.569069
0.716667	0.569069
0.716667	0.569069
0.716667	0.569069
0.716667	0.569069
0.716667	0.569069
0.716667	0.569069
0.716667	0.569069
0.716667	0.569069
0.716667	0.569069
0.716667	0.569069
0.716667	0.569069
0.716667	0.569069
0.716667	0.569069
0.716667	0.569069
0.716667	0.569069
0.716667	0.569069
0.716667	0.569069
0.718056	0.570571
0.718056	0.570571
0.718056	0.570571
0.718056	0.570571
0.718056	0.570571
0.718056	0.570571
0.718056	0.570571
0.718056	0.570571
0.718056	0.570571
0.718056	0.570571
0.718056	0.570571
0.718056	0.570571
0.718056	0.570571
0.718056	0.570571
0.718056	0.570571
0.718056	0.570571
0.718056	0.570571
0.718056	0.570571
0.718056	0.570571
0.718056	0.570571
0.719444	0.570571
0.719444	0.570571
0.719444	0.570571
0.719444	0.570571
0.719444	0.570571
0.719444	0.570571
0.719444	0.570571
0.719444	0.570571
0.719444	0.570571
0.719444	0.570571
0.719444	0.570571
0.719444	0.570571
0.719444	0.570571
0.719444	0.570571
0.719444	0.570571
0.719444	0.570571
0.719444	0.570571
0.719444	0.570571
0.719444	0.570571
0.719444	0.570571
0.719444	0.570571
0.719444	0.570571
0.719444	0.570571
0.719444	0.570571
0.719444	0.570571
