516 379 100
517 380 100
518 380 100
510 378 100
512 377 100
511 379 100
510 394 100
501 364 100
502 367 100
505 373 100
504 374 100
504 375 100
500 373 100
502 375 100
501 376 100
501 377 100
503 378 100
502 378 100
505 378 100
504 390 100
514 388 100
512 389 100
514 391 100
495 377 100
496 379 100
498 382 100
500 383 100
532 413 100
532 412 100
524 417 100
524 416 100
524 420 100
523 421 100
525 421 100
525 423 100
525 425 100
525 426 100
523 423 100
522 423 100
525 427 100
516 424 100
516 525 100
511 424 100
513 425 100
509 430 100
509 428 100
518 437 100
517 435 100
518 438 100
518 439 100
516 437 100
484 381 100
486 382 100
484 382 100
486 383 100
489 380 100
480 393 100
479 391 100
463 382 100
418 398 100
418 399 100
423 395 100
425 394 100
425 396 100
423 425 100
325 506 100
323 506 100
516 496	150
516 497 150
519 501 100
517 505 125
517 503 125
534 512 100
